1	2.572
1	2.548
1	2.514
1	2.561
1	2.625
1	2.667
1	2.72
1	2.732
1	2.719
1	2.77
1	2.808
1	2.795
1	2.78
1	2.835
1	2.854
1	2.826
1	2.759
1	2.705
1	2.668
1	2.637
1	2.653
1	2.669
1	2.642
1	2.623
1	2.608
1	2.64
1	2.627
1	2.692
1	2.664
1	2.619
1	2.577
1	2.565
1	2.582
1	2.624
1	2.603
1	2.633
1	2.72
1	2.725
1	2.716
1	2.689
1	2.728
1	2.771
1	2.735
1	2.708
1	2.843
1	2.869
1	2.886
1	2.943
1	2.976
1	2.983
1	3.016
1	3.01
1	2.989
1	3.022
1	3.045
1	3.065
1	3.288
1	3.459
1	3.488
1	3.473
1	3.524
1	3.622
1	3.743
1	3.807
1	3.81
1	3.906
1	3.899
1	3.907
1	3.786
1	3.699
1	3.648
1	3.637
1	3.594
1	3.524
1	3.48
1	3.575
1	3.651
1	3.682
1	3.684
1	3.638
1	3.554
1	3.523
1	3.533
1	3.546
1	3.526
1	3.467
1	3.355
1	3.285
1	3.274
1	3.353
1	3.372
1	3.332
1	3.297
1	3.308
1	3.236
1	3.172
1	3.158
1	3.159
1	3.112
1	3.129
1	3.157
1	3.261
1	3.268
1	3.29
1	3.36
1	3.409
1	3.51
1	3.555
1	3.63
1	3.669
1	3.734
1	3.787
1	3.845
1	3.891
1	3.891
1	3.877
1	3.814
1	3.749
1	3.688
1	3.63
1	3.561
1	3.501
1	3.452
1	3.393
1	3.346
1	3.286
1	3.227
1	3.256
1	3.311
1	3.407
1	3.417
1	3.494
1	3.571
1	3.62
1	3.638
1	3.73
1	3.717
1	3.721
1	3.666
1	3.617
1	3.601
1	3.594
1	3.506
1	3.386
1	3.314
1	3.252
1	3.211
1	3.207
1	3.198
1	3.168
1	3.098
1	3.108
1	3.161
1	3.243
1	3.237
1	3.227
1	3.244
1	3.417
1	3.475
1	3.597
1	3.711
1	3.658
1	3.622
1	3.611
1	3.606
1	3.583
1	3.529
1	3.451
1	3.417
1	3.386
1	3.392
1	3.454
1	3.494
1	3.466
1	3.439
1	3.431
1	3.479
1	3.495
1	3.422
1	3.4
1	3.556
1	3.62
2	2.572
2	2.548
2	2.514
2	2.561
2	2.625
2	2.667
2	2.72
2	2.732
2	2.719
2	2.77
2	2.808
2	2.795
2	2.78
2	2.835
2	2.854
2	2.826
2	2.759
2	2.705
2	2.668
2	2.637
2	2.653
2	2.669
2	2.642
2	2.623
2	2.608
2	2.64
2	2.627
2	2.692
2	2.664
2	2.619
2	2.577
2	2.565
2	2.582
2	2.624
2	2.603
2	2.633
2	2.72
2	2.725
2	2.716
2	2.689
2	2.728
2	2.771
2	2.735
2	2.708
2	2.843
2	2.869
2	2.886
2	2.943
2	2.976
2	2.983
2	3.016
2	3.01
2	2.989
2	3.022
2	3.045
2	3.065
2	3.288
2	3.459
2	3.488
2	3.473
2	3.524
2	3.622
2	3.743
2	3.807
2	3.81
2	3.906
2	3.899
2	3.907
2	3.786
2	3.699
2	3.648
2	3.637
2	3.594
2	3.524
2	3.48
2	3.575
2	3.651
2	3.682
2	3.684
2	3.638
2	3.554
2	3.523
2	3.533
2	3.546
2	3.526
2	3.467
2	3.355
2	3.285
2	3.274
2	3.353
2	3.372
2	3.332
2	3.297
2	3.308
2	3.236
2	3.172
2	3.158
2	3.159
2	3.112
2	3.129
2	3.157
2	3.261
2	3.268
2	3.29
2	3.36
2	3.409
2	3.51
2	3.555
2	3.63
2	3.669
2	3.734
2	3.787
2	3.845
2	3.891
2	3.891
2	3.877
2	3.814
2	3.749
2	3.688
2	3.63
2	3.561
2	3.501
2	3.452
2	3.393
2	3.346
2	3.286
2	3.227
2	3.256
2	3.311
2	3.407
2	3.417
2	3.494
2	3.571
2	3.62
2	3.638
2	3.73
2	3.717
2	3.721
2	3.666
2	3.617
2	3.601
2	3.594
2	3.506
2	3.386
2	3.314
2	3.252
2	3.211
2	3.207
2	3.198
2	3.168
2	3.098
2	3.108
2	3.161
2	3.243
2	3.237
2	3.227
2	3.244
2	3.417
2	3.475
2	3.597
2	3.711
2	3.658
2	3.622
2	3.611
2	3.606
2	3.583
2	3.529
2	3.451
2	3.417
2	3.386
2	3.392
2	3.454
2	3.494
2	3.466
2	3.439
2	3.431
2	3.479
2	3.495
2	3.422
2	3.4
2	3.556
2	3.62
3	2.572
3	2.548
3	2.514
3	2.561
3	2.625
3	2.667
3	2.72
3	2.732
3	2.719
3	2.77
3	2.808
3	2.795
3	2.78
3	2.835
3	2.854
3	2.826
3	2.759
3	2.705
3	2.668
3	2.637
3	2.653
3	2.669
3	2.642
3	2.623
3	2.608
3	2.64
3	2.627
3	2.692
3	2.664
3	2.619
3	2.577
3	2.565
3	2.582
3	2.624
3	2.603
3	2.633
3	2.72
3	2.725
3	2.716
3	2.689
3	2.728
3	2.771
3	2.735
3	2.708
3	2.843
3	2.869
3	2.886
3	2.943
3	2.976
3	2.983
3	3.016
3	3.01
3	2.989
3	3.022
3	3.045
3	3.065
3	3.288
3	3.459
3	3.488
3	3.473
3	3.524
3	3.622
3	3.743
3	3.807
3	3.81
3	3.906
3	3.899
3	3.907
3	3.786
3	3.699
3	3.648
3	3.637
3	3.594
3	3.524
3	3.48
3	3.575
3	3.651
3	3.682
3	3.684
3	3.638
3	3.554
3	3.523
3	3.533
3	3.546
3	3.526
3	3.467
3	3.355
3	3.285
3	3.274
3	3.353
3	3.372
3	3.332
3	3.297
3	3.308
3	3.236
3	3.172
3	3.158
3	3.159
3	3.112
3	3.129
3	3.157
3	3.261
3	3.268
3	3.29
3	3.36
3	3.409
3	3.51
3	3.555
3	3.63
3	3.669
3	3.734
3	3.787
3	3.845
3	3.891
3	3.891
3	3.877
3	3.814
3	3.749
3	3.688
3	3.63
3	3.561
3	3.501
3	3.452
3	3.393
3	3.346
3	3.286
3	3.227
3	3.256
3	3.311
3	3.407
3	3.417
3	3.494
3	3.571
3	3.62
3	3.638
3	3.73
3	3.717
3	3.721
3	3.666
3	3.617
3	3.601
3	3.594
3	3.506
3	3.386
3	3.314
3	3.252
3	3.211
3	3.207
3	3.198
3	3.168
3	3.098
3	3.108
3	3.161
3	3.243
3	3.237
3	3.227
3	3.244
3	3.417
3	3.475
3	3.597
3	3.711
3	3.658
3	3.622
3	3.611
3	3.606
3	3.583
3	3.529
3	3.451
3	3.417
3	3.386
3	3.392
3	3.454
3	3.494
3	3.466
3	3.439
3	3.431
3	3.479
3	3.495
3	3.422
3	3.4
3	3.556
3	3.62
4	2.598
4	2.573
4	2.54
4	2.59
4	2.654
4	2.704
4	2.743
4	2.752
4	2.74
4	2.773
4	2.81
4	2.805
4	2.787
4	2.836
4	2.845
4	2.82
4	2.756
4	2.701
4	2.668
4	2.635
4	2.654
4	2.668
4	2.637
4	2.621
4	2.612
4	2.65
4	2.64
4	2.698
4	2.671
4	2.621
4	2.584
4	2.574
4	2.594
4	2.642
4	2.619
4	2.645
4	2.732
4	2.736
4	2.718
4	2.699
4	2.741
4	2.78
4	2.752
4	2.727
4	2.86
4	2.884
4	2.887
4	2.955
4	2.98
4	2.992
4	3.017
4	3.022
4	2.996
4	3.033
4	3.058
4	3.087
4	3.305
4	3.461
4	3.495
4	3.48
4	3.521
4	3.605
4	3.724
4	3.781
4	3.781
4	3.866
4	3.872
4	3.881
4	3.771
4	3.683
4	3.64
4	3.618
4	3.57
4	3.504
4	3.469
4	3.563
4	3.627
4	3.659
4	3.662
4	3.617
4	3.55
4	3.523
4	3.533
4	3.554
4	3.532
4	3.473
4	3.371
4	3.299
4	3.283
4	3.361
4	3.362
4	3.322
4	3.286
4	3.294
4	3.225
4	3.176
4	3.153
4	3.149
4	3.103
4	3.119
4	3.158
4	3.263
4	3.273
4	3.29
4	3.354
4	3.411
4	3.493
4	3.541
4	3.619
4	3.667
4	3.707
4	3.759
4	3.82
4	3.864
4	3.881
4	3.864
4	3.81
4	3.747
4	3.685
4	3.62
4	3.551
4	3.483
4	3.433
4	3.372
4	3.329
4	3.257
4	3.187
4	3.224
4	3.263
4	3.356
4	3.374
4	3.476
4	3.552
4	3.61
4	3.646
4	3.709
4	3.706
4	3.721
4	3.666
4	3.62
4	3.603
4	3.61
4	3.514
4	3.404
4	3.337
4	3.271
4	3.233
4	3.24
4	3.227
4	3.193
4	3.112
4	3.125
4	3.177
4	3.235
4	3.232
4	3.22
4	3.232
4	3.401
4	3.451
4	3.602
4	3.694
4	3.647
4	3.611
4	3.593
4	3.575
4	3.552
4	3.504
4	3.436
4	3.397
4	3.369
4	3.371
4	3.437
4	3.462
4	3.438
4	3.413
4	3.415
4	3.453
4	3.452
4	3.385
4	3.368
4	3.518
4	3.58
5	2.572
5	2.548
5	2.514
5	2.561
5	2.625
5	2.667
5	2.72
5	2.732
5	2.719
5	2.77
5	2.808
5	2.795
5	2.78
5	2.835
5	2.854
5	2.826
5	2.759
5	2.705
5	2.668
5	2.637
5	2.653
5	2.669
5	2.642
5	2.623
5	2.608
5	2.64
5	2.627
5	2.692
5	2.664
5	2.619
5	2.577
5	2.565
5	2.582
5	2.624
5	2.603
5	2.633
5	2.72
5	2.725
5	2.716
5	2.689
5	2.728
5	2.771
5	2.735
5	2.708
5	2.843
5	2.869
5	2.886
5	2.943
5	2.976
5	2.983
5	3.016
5	3.01
5	2.989
5	3.022
5	3.045
5	3.065
5	3.288
5	3.459
5	3.488
5	3.473
5	3.524
5	3.622
5	3.743
5	3.807
5	3.81
5	3.906
5	3.899
5	3.907
5	3.786
5	3.699
5	3.648
5	3.637
5	3.594
5	3.524
5	3.48
5	3.575
5	3.651
5	3.682
5	3.684
5	3.638
5	3.554
5	3.523
5	3.533
5	3.546
5	3.526
5	3.467
5	3.355
5	3.285
5	3.274
5	3.353
5	3.372
5	3.332
5	3.297
5	3.308
5	3.236
5	3.172
5	3.158
5	3.159
5	3.112
5	3.129
5	3.157
5	3.261
5	3.268
5	3.29
5	3.36
5	3.409
5	3.51
5	3.555
5	3.63
5	3.669
5	3.734
5	3.787
5	3.845
5	3.891
5	3.891
5	3.877
5	3.814
5	3.749
5	3.688
5	3.63
5	3.561
5	3.501
5	3.452
5	3.393
5	3.346
5	3.286
5	3.227
5	3.256
5	3.311
5	3.407
5	3.417
5	3.494
5	3.571
5	3.62
5	3.638
5	3.73
5	3.717
5	3.721
5	3.666
5	3.617
5	3.601
5	3.594
5	3.506
5	3.386
5	3.314
5	3.252
5	3.211
5	3.207
5	3.198
5	3.168
5	3.098
5	3.108
5	3.161
5	3.243
5	3.237
5	3.227
5	3.244
5	3.417
5	3.475
5	3.597
5	3.711
5	3.658
5	3.622
5	3.611
5	3.606
5	3.583
5	3.529
5	3.451
5	3.417
5	3.386
5	3.392
5	3.454
5	3.494
5	3.466
5	3.439
5	3.431
5	3.479
5	3.495
5	3.422
5	3.4
5	3.556
5	3.62
6	2.572
6	2.548
6	2.514
6	2.561
6	2.625
6	2.667
6	2.72
6	2.732
6	2.719
6	2.77
6	2.808
6	2.795
6	2.78
6	2.835
6	2.854
6	2.826
6	2.759
6	2.705
6	2.668
6	2.637
6	2.653
6	2.669
6	2.642
6	2.623
6	2.608
6	2.64
6	2.627
6	2.692
6	2.664
6	2.619
6	2.577
6	2.565
6	2.582
6	2.624
6	2.603
6	2.633
6	2.72
6	2.725
6	2.716
6	2.689
6	2.728
6	2.771
6	2.735
6	2.708
6	2.843
6	2.869
6	2.886
6	2.943
6	2.976
6	2.983
6	3.016
6	3.01
6	2.989
6	3.022
6	3.045
6	3.065
6	3.288
6	3.459
6	3.488
6	3.473
6	3.524
6	3.622
6	3.743
6	3.807
6	3.81
6	3.906
6	3.899
6	3.907
6	3.786
6	3.699
6	3.648
6	3.637
6	3.594
6	3.524
6	3.48
6	3.575
6	3.651
6	3.682
6	3.684
6	3.638
6	3.554
6	3.523
6	3.533
6	3.546
6	3.526
6	3.467
6	3.355
6	3.285
6	3.274
6	3.353
6	3.372
6	3.332
6	3.297
6	3.308
6	3.236
6	3.172
6	3.158
6	3.159
6	3.112
6	3.129
6	3.157
6	3.261
6	3.268
6	3.29
6	3.36
6	3.409
6	3.51
6	3.555
6	3.63
6	3.669
6	3.734
6	3.787
6	3.845
6	3.891
6	3.891
6	3.877
6	3.814
6	3.749
6	3.688
6	3.63
6	3.561
6	3.501
6	3.452
6	3.393
6	3.346
6	3.286
6	3.227
6	3.256
6	3.311
6	3.407
6	3.417
6	3.494
6	3.571
6	3.62
6	3.638
6	3.73
6	3.717
6	3.721
6	3.666
6	3.617
6	3.601
6	3.594
6	3.506
6	3.386
6	3.314
6	3.252
6	3.211
6	3.207
6	3.198
6	3.168
6	3.098
6	3.108
6	3.161
6	3.243
6	3.237
6	3.227
6	3.244
6	3.417
6	3.475
6	3.597
6	3.711
6	3.658
6	3.622
6	3.611
6	3.606
6	3.583
6	3.529
6	3.451
6	3.417
6	3.386
6	3.392
6	3.454
6	3.494
6	3.466
6	3.439
6	3.431
6	3.479
6	3.495
6	3.422
6	3.4
6	3.556
6	3.62
7	2.58
7	2.572
7	2.55
7	2.586
7	2.62
7	2.684
7	2.692
7	2.717
7	2.725
7	2.75
7	2.765
7	2.776
7	2.766
7	2.771
7	2.788
7	2.776
7	2.737
7	2.7
7	2.684
7	2.674
7	2.715
7	2.728
7	2.711
7	2.699
7	2.691
7	2.69
7	2.69
7	2.723
7	2.732
7	2.731
7	2.773
7	2.78
7	2.8
7	2.793
7	2.759
7	2.745
7	2.762
7	2.762
7	2.748
7	2.729
7	2.737
7	2.758
7	2.742
7	2.712
7	2.728
7	2.778
7	2.781
7	2.829
7	2.882
7	2.911
7	2.973
7	3.008
7	3.011
7	3.037
7	3.051
7	3.101
7	3.232
7	3.372
7	3.406
7	3.414
7	3.461
7	3.532
7	3.611
7	3.636
7	3.663
7	3.735
7	3.767
7	3.828
7	3.795
7	3.763
7	3.735
7	3.697
7	3.661
7	3.597
7	3.54
7	3.532
7	3.545
7	3.547
7	3.554
7	3.542
7	3.499
7	3.485
7	3.511
7	3.566
7	3.596
7	3.581
7	3.538
7	3.498
7	3.491
7	3.548
7	3.55
7	3.527
7	3.505
7	3.479
7	3.424
7	3.378
7	3.331
7	3.266
7	3.173
7	3.119
7	3.095
7	3.077
7	3.055
7	3.038
7	3.031
7	3.103
7	3.113
7	3.129
7	3.191
7	3.286
7	3.486
7	3.664
7	3.75
7	3.854
7	3.901
7	3.936
7	3.927
7	3.903
7	3.87
7	3.837
7	3.804
7	3.764
7	3.741
7	3.723
7	3.735
7	3.693
7	3.646
7	3.613
7	3.585
7	3.57
7	3.528
7	3.509
7	3.545
7	3.558
7	3.556
7	3.596
7	3.659
7	3.765
7	3.789
7	3.779
7	3.76
7	3.75
7	3.686
7	3.604
7	3.545
7	3.479
7	3.45
7	3.436
7	3.373
7	3.303
7	3.218
7	3.108
7	3.034
7	2.957
7	2.889
7	2.872
7	2.998
7	3.214
7	3.391
7	3.563
7	3.638
7	3.624
7	3.607
7	3.609
7	3.605
7	3.633
7	3.642
7	3.603
7	3.568
7	3.573
7	3.609
7	3.703
7	3.884
7	3.87
7	3.825
7	3.797
7	3.736
7	3.691
7	3.637
7	3.583
7	3.585
7	3.582
8	2.572
8	2.548
8	2.514
8	2.561
8	2.625
8	2.667
8	2.72
8	2.732
8	2.719
8	2.77
8	2.808
8	2.795
8	2.78
8	2.835
8	2.854
8	2.826
8	2.759
8	2.705
8	2.668
8	2.637
8	2.653
8	2.669
8	2.642
8	2.623
8	2.608
8	2.64
8	2.627
8	2.692
8	2.664
8	2.619
8	2.577
8	2.565
8	2.582
8	2.624
8	2.603
8	2.633
8	2.72
8	2.725
8	2.716
8	2.689
8	2.728
8	2.771
8	2.735
8	2.708
8	2.843
8	2.869
8	2.886
8	2.943
8	2.976
8	2.983
8	3.016
8	3.01
8	2.989
8	3.022
8	3.045
8	3.065
8	3.288
8	3.459
8	3.488
8	3.473
8	3.524
8	3.622
8	3.743
8	3.807
8	3.81
8	3.906
8	3.899
8	3.907
8	3.786
8	3.699
8	3.648
8	3.637
8	3.594
8	3.524
8	3.48
8	3.575
8	3.651
8	3.682
8	3.684
8	3.638
8	3.554
8	3.523
8	3.533
8	3.546
8	3.526
8	3.467
8	3.355
8	3.285
8	3.274
8	3.353
8	3.372
8	3.332
8	3.297
8	3.308
8	3.236
8	3.172
8	3.158
8	3.159
8	3.112
8	3.129
8	3.157
8	3.261
8	3.268
8	3.29
8	3.36
8	3.409
8	3.51
8	3.555
8	3.63
8	3.669
8	3.734
8	3.787
8	3.845
8	3.891
8	3.891
8	3.877
8	3.814
8	3.749
8	3.688
8	3.63
8	3.561
8	3.501
8	3.452
8	3.393
8	3.346
8	3.286
8	3.227
8	3.256
8	3.311
8	3.407
8	3.417
8	3.494
8	3.571
8	3.62
8	3.638
8	3.73
8	3.717
8	3.721
8	3.666
8	3.617
8	3.601
8	3.594
8	3.506
8	3.386
8	3.314
8	3.252
8	3.211
8	3.207
8	3.198
8	3.168
8	3.098
8	3.108
8	3.161
8	3.243
8	3.237
8	3.227
8	3.244
8	3.417
8	3.475
8	3.597
8	3.711
8	3.658
8	3.622
8	3.611
8	3.606
8	3.583
8	3.529
8	3.451
8	3.417
8	3.386
8	3.392
8	3.454
8	3.494
8	3.466
8	3.439
8	3.431
8	3.479
8	3.495
8	3.422
8	3.4
8	3.556
8	3.62
9	2.572
9	2.548
9	2.514
9	2.561
9	2.625
9	2.667
9	2.72
9	2.732
9	2.719
9	2.77
9	2.808
9	2.795
9	2.78
9	2.835
9	2.854
9	2.826
9	2.759
9	2.705
9	2.668
9	2.637
9	2.653
9	2.669
9	2.642
9	2.623
9	2.608
9	2.64
9	2.627
9	2.692
9	2.664
9	2.619
9	2.577
9	2.565
9	2.582
9	2.624
9	2.603
9	2.633
9	2.72
9	2.725
9	2.716
9	2.689
9	2.728
9	2.771
9	2.735
9	2.708
9	2.843
9	2.869
9	2.886
9	2.943
9	2.976
9	2.983
9	3.016
9	3.01
9	2.989
9	3.022
9	3.045
9	3.065
9	3.288
9	3.459
9	3.488
9	3.473
9	3.524
9	3.622
9	3.743
9	3.807
9	3.81
9	3.906
9	3.899
9	3.907
9	3.786
9	3.699
9	3.648
9	3.637
9	3.594
9	3.524
9	3.48
9	3.575
9	3.651
9	3.682
9	3.684
9	3.638
9	3.554
9	3.523
9	3.533
9	3.546
9	3.526
9	3.467
9	3.355
9	3.285
9	3.274
9	3.353
9	3.372
9	3.332
9	3.297
9	3.308
9	3.236
9	3.172
9	3.158
9	3.159
9	3.112
9	3.129
9	3.157
9	3.261
9	3.268
9	3.29
9	3.36
9	3.409
9	3.51
9	3.555
9	3.63
9	3.669
9	3.734
9	3.787
9	3.845
9	3.891
9	3.891
9	3.877
9	3.814
9	3.749
9	3.688
9	3.63
9	3.561
9	3.501
9	3.452
9	3.393
9	3.346
9	3.286
9	3.227
9	3.256
9	3.311
9	3.407
9	3.417
9	3.494
9	3.571
9	3.62
9	3.638
9	3.73
9	3.717
9	3.721
9	3.666
9	3.617
9	3.601
9	3.594
9	3.506
9	3.386
9	3.314
9	3.252
9	3.211
9	3.207
9	3.198
9	3.168
9	3.098
9	3.108
9	3.161
9	3.243
9	3.237
9	3.227
9	3.244
9	3.417
9	3.475
9	3.597
9	3.711
9	3.658
9	3.622
9	3.611
9	3.606
9	3.583
9	3.529
9	3.451
9	3.417
9	3.386
9	3.392
9	3.454
9	3.494
9	3.466
9	3.439
9	3.431
9	3.479
9	3.495
9	3.422
9	3.4
9	3.556
9	3.62
10	2.962
10	2.828
10	2.915
10	2.825
10	2.877
10	3.034
10	3.054
10	2.98
10	3.086
10	3.004
10	3.109
10	3.05
10	3.105
10	3.127
10	3.145
10	3.12
10	3.058
10	2.941
10	3.057
10	2.935
10	3.084
10	2.978
10	3.1
10	2.971
10	3.112
10	3.017
10	3.123
10	3.049
10	3.041
10	3.022
10	3.087
10	2.961
10	3.028
10	2.939
10	3.001
10	2.924
10	3.08
10	3.014
10	3.13
10	3.009
10	3.13
10	3.047
10	3.162
10	3.041
10	3.091
10	3.125
10	3.236
10	3.148
10	3.287
10	3.312
10	3.336
10	3.231
10	3.348
10	3.381
10	3.43
10	3.398
10	3.674
10	3.63
10	3.892
10	3.716
10	3.772
10	3.818
10	4.089
10	3.917
10	4.151
10	4.193
10	4.202
10	3.99
10	3.933
10	3.893
10	3.981
10	3.935
10	3.807
10	3.842
10	3.793
10	3.779
10	3.697
10	3.694
10	3.803
10	3.794
10	3.743
10	3.663
10	3.798
10	3.771
10	3.784
10	3.789
10	3.877
10	3.827
10	3.698
10	3.842
10	3.843
10	3.828
10	3.677
10	3.669
10	3.76
10	3.701
10	3.644
10	3.489
10	3.541
10	3.428
10	3.443
10	3.477
10	3.66
10	3.675
10	3.543
10	3.722
10	3.781
10	3.95
10	3.882
10	3.963
10	4.273
10	4.288
10	4.294
10	4.282
10	4.254
10	4.111
10	4.088
10	4.058
10	4.186
10	4.308
10	4.127
10	4.277
10	4.103
10	4.144
10	4.014
10	3.875
10	3.666
10	3.723
10	3.589
10	3.769
10	3.595
10	3.811
10	4.002
10	4.055
10	3.886
10	4.124
10	3.966
10	4.125
10	3.966
10	4.132
10	4.468
10	4.449
10	4.301
10	4.099
10	3.78
10	3.703
10	3.759
10	3.719
10	3.668
10	3.597
10	3.393
10	3.48
10	3.339
10	3.542
10	3.545
10	3.558
10	3.6
10	3.795
10	3.612
10	4.031
10	3.83
10	4.125
10	3.885
10	4.062
10	4.016
10	3.808
10	3.797
10	3.941
10	3.889
10	3.671
10	3.689
10	3.809
10	3.835
10	3.829
10	3.789
10	3.771
10	3.766
10	3.781
10	3.753
10	3.737
10	3.823
10	3.865
11	2.572
11	2.548
11	2.514
11	2.561
11	2.625
11	2.667
11	2.72
11	2.732
11	2.719
11	2.77
11	2.808
11	2.795
11	2.78
11	2.835
11	2.854
11	2.826
11	2.759
11	2.705
11	2.668
11	2.637
11	2.653
11	2.669
11	2.642
11	2.623
11	2.608
11	2.64
11	2.627
11	2.692
11	2.664
11	2.619
11	2.577
11	2.565
11	2.582
11	2.624
11	2.603
11	2.633
11	2.72
11	2.725
11	2.716
11	2.689
11	2.728
11	2.771
11	2.735
11	2.708
11	2.843
11	2.869
11	2.886
11	2.943
11	2.976
11	2.983
11	3.016
11	3.01
11	2.989
11	3.022
11	3.045
11	3.065
11	3.288
11	3.459
11	3.488
11	3.473
11	3.524
11	3.622
11	3.743
11	3.807
11	3.81
11	3.906
11	3.899
11	3.907
11	3.786
11	3.699
11	3.648
11	3.637
11	3.594
11	3.524
11	3.48
11	3.575
11	3.651
11	3.682
11	3.684
11	3.638
11	3.554
11	3.523
11	3.533
11	3.546
11	3.526
11	3.467
11	3.355
11	3.285
11	3.274
11	3.353
11	3.372
11	3.332
11	3.297
11	3.308
11	3.236
11	3.172
11	3.158
11	3.159
11	3.112
11	3.129
11	3.157
11	3.261
11	3.268
11	3.29
11	3.36
11	3.409
11	3.51
11	3.555
11	3.63
11	3.669
11	3.734
11	3.787
11	3.845
11	3.891
11	3.891
11	3.877
11	3.814
11	3.749
11	3.688
11	3.63
11	3.561
11	3.501
11	3.452
11	3.393
11	3.346
11	3.286
11	3.227
11	3.256
11	3.311
11	3.407
11	3.417
11	3.494
11	3.571
11	3.62
11	3.638
11	3.73
11	3.717
11	3.721
11	3.666
11	3.617
11	3.601
11	3.594
11	3.506
11	3.386
11	3.314
11	3.252
11	3.211
11	3.207
11	3.198
11	3.168
11	3.098
11	3.108
11	3.161
11	3.243
11	3.237
11	3.227
11	3.244
11	3.417
11	3.475
11	3.597
11	3.711
11	3.658
11	3.622
11	3.611
11	3.606
11	3.583
11	3.529
11	3.451
11	3.417
11	3.386
11	3.392
11	3.454
11	3.494
11	3.466
11	3.439
11	3.431
11	3.479
11	3.495
11	3.422
11	3.4
11	3.556
11	3.62
12	2.962
12	2.946
12	2.915
12	2.825
12	2.987
12	2.925
12	3.054
12	3.083
12	3.086
12	3.09
12	3.109
12	3.05
12	3.105
12	3.127
12	3.145
12	3.12
12	3.058
12	2.941
12	2.949
12	3.043
12	3.084
12	3.105
12	3.1
12	3.094
12	3.112
12	3.017
12	3.123
12	3.159
12	3.041
12	3.129
12	3.087
12	3.044
12	3.028
12	2.939
12	3.001
12	3.013
12	2.976
12	3.014
12	3.016
12	3.129
12	3.13
12	3.161
12	3.162
12	3.041
12	3.203
12	3.236
12	3.236
12	3.148
12	3.287
12	3.312
12	3.223
12	3.342
12	3.348
12	3.381
12	3.43
12	3.53
12	3.674
12	3.818
12	3.692
12	3.909
12	3.772
12	4.003
12	3.868
12	4.134
12	4.151
12	4.193
12	4.202
12	4.169
12	4.087
12	4.031
12	3.981
12	3.935
12	3.898
12	3.842
12	3.705
12	3.692
12	3.794
12	3.805
12	3.803
12	3.701
12	3.743
12	3.74
12	3.798
12	3.913
12	3.918
12	3.789
12	3.877
12	3.827
12	3.805
12	3.842
12	3.727
12	3.828
12	3.824
12	3.813
12	3.622
12	3.701
12	3.644
12	3.6
12	3.541
12	3.428
12	3.599
12	3.657
12	3.66
12	3.675
12	3.702
12	3.722
12	3.781
12	3.95
12	4.178
12	4.25
12	4.273
12	4.038
12	4.294
12	4.121
12	4.254
12	4.222
12	4.193
12	4.171
12	4.186
12	4.11
12	4.293
12	4.277
12	4.103
12	4.144
12	4.014
12	3.875
12	3.765
12	3.723
12	3.726
12	3.769
12	3.76
12	3.811
12	4.002
12	4.055
12	4.093
12	4.124
12	4.133
12	4.125
12	3.966
12	3.966
12	4.468
12	4.449
12	4.301
12	4.099
12	3.951
12	3.834
12	3.759
12	3.581
12	3.668
12	3.467
12	3.393
12	3.48
12	3.51
12	3.542
12	3.545
12	3.337
12	3.6
12	3.795
12	3.924
12	4.031
12	4.109
12	3.874
12	4.104
12	4.062
12	4.016
12	3.998
12	3.981
12	3.76
12	3.889
12	3.671
12	3.689
12	3.809
12	3.835
12	3.829
12	3.789
12	3.771
12	3.766
12	3.781
12	3.753
12	3.737
12	3.823
12	3.865
13	2.666
13	2.671
13	2.654
13	2.667
13	2.681
13	2.733
13	2.782
13	2.819
13	2.842
13	2.877
13	2.915
13	2.936
13	2.941
13	2.948
13	2.962
13	2.95
13	2.908
13	2.871
13	2.841
13	2.819
13	2.82
13	2.814
13	2.802
13	2.791
13	2.797
13	2.797
13	2.802
13	2.837
13	2.85
13	2.854
13	2.868
13	2.87
13	2.875
13	2.872
13	2.853
13	2.841
13	2.845
13	2.849
13	2.841
13	2.831
13	2.831
13	2.842
13	2.83
13	2.812
13	2.817
13	2.842
13	2.846
13	2.868
13	2.891
13	2.903
13	2.934
13	2.96
13	2.974
13	3.034
13	3.062
13	3.12
13	3.23
13	3.346
13	3.407
13	3.435
13	3.487
13	3.547
13	3.616
13	3.655
13	3.683
13	3.744
13	3.77
13	3.802
13	3.778
13	3.752
13	3.732
13	3.704
13	3.668
13	3.613
13	3.563
13	3.553
13	3.563
13	3.574
13	3.595
13	3.606
13	3.578
13	3.57
13	3.58
13	3.619
13	3.641
13	3.648
13	3.623
13	3.592
13	3.567
13	3.579
13	3.567
13	3.538
13	3.513
13	3.489
13	3.445
13	3.389
13	3.341
13	3.282
13	3.186
13	3.119
13	3.08
13	3.056
13	3.047
13	3.058
13	3.077
13	3.116
13	3.119
13	3.145
13	3.242
13	3.38
13	3.529
13	3.671
13	3.734
13	3.793
13	3.833
13	3.845
13	3.842
13	3.831
13	3.809
13	3.808
13	3.801
13	3.788
13	3.776
13	3.756
13	3.737
13	3.681
13	3.63
13	3.595
13	3.556
13	3.537
13	3.512
13	3.509
13	3.545
13	3.582
13	3.624
13	3.689
13	3.749
13	3.821
13	3.821
13	3.815
13	3.797
13	3.781
13	3.755
13	3.702
13	3.663
13	3.612
13	3.562
13	3.524
13	3.456
13	3.379
13	3.263
13	3.147
13	3.066
13	2.982
13	2.914
13	2.927
13	3.029
13	3.192
13	3.323
13	3.459
13	3.521
13	3.526
13	3.518
13	3.518
13	3.518
13	3.547
13	3.576
13	3.559
13	3.541
13	3.535
13	3.543
13	3.609
13	3.72
13	3.773
13	3.779
13	3.771
13	3.74
13	3.726
13	3.696
13	3.666
13	3.665
13	3.669
14	2.784
14	2.773
14	2.745
14	2.754
14	2.777
14	2.818
14	2.844
14	2.854
14	2.85
14	2.869
14	2.899
14	2.902
14	2.921
14	2.966
14	2.982
14	2.958
14	2.899
14	2.847
14	2.809
14	2.78
14	2.808
14	2.815
14	2.793
14	2.783
14	2.771
14	2.781
14	2.784
14	2.805
14	2.779
14	2.755
14	2.715
14	2.699
14	2.706
14	2.713
14	2.707
14	2.764
14	2.868
14	2.917
14	2.921
14	2.917
14	2.931
14	3
14	3.039
14	3.046
14	3.109
14	3.14
14	3.141
14	3.179
14	3.193
14	3.205
14	3.229
14	3.237
14	3.231
14	3.239
14	3.245
14	3.274
14	3.433
14	3.582
14	3.631
14	3.625
14	3.638
14	3.72
14	3.821
14	3.892
14	3.962
14	4.046
14	4.066
14	4.062
14	3.985
14	3.922
14	3.881
14	3.842
14	3.804
14	3.748
14	3.711
14	3.76
14	3.811
14	3.829
14	3.842
14	3.812
14	3.747
14	3.704
14	3.703
14	3.738
14	3.742
14	3.711
14	3.645
14	3.583
14	3.541
14	3.57
14	3.569
14	3.551
14	3.53
14	3.53
14	3.492
14	3.452
14	3.415
14	3.413
14	3.389
14	3.389
14	3.422
14	3.513
14	3.533
14	3.567
14	3.617
14	3.64
14	3.695
14	3.739
14	3.816
14	3.848
14	3.862
14	3.9
14	3.953
14	3.996
14	4.044
14	4.027
14	4.004
14	3.951
14	3.889
14	3.848
14	3.798
14	3.742
14	3.689
14	3.62
14	3.564
14	3.506
14	3.475
14	3.523
14	3.567
14	3.647
14	3.654
14	3.722
14	3.807
14	3.834
14	3.867
14	3.911
14	3.948
14	4.038
14	3.997
14	3.985
14	4
14	3.969
14	3.882
14	3.787
14	3.771
14	3.75
14	3.748
14	3.729
14	3.688
14	3.637
14	3.577
14	3.563
14	3.592
14	3.611
14	3.605
14	3.583
14	3.615
14	3.753
14	3.814
14	3.859
14	3.89
14	3.86
14	3.834
14	3.8
14	3.784
14	3.763
14	3.724
14	3.676
14	3.615
14	3.592
14	3.583
14	3.614
14	3.627
14	3.646
14	3.633
14	3.632
14	3.626
14	3.639
14	3.614
14	3.614
14	3.737
14	3.804
15	2.954
15	2.94
15	2.909
15	2.91
15	2.919
15	2.938
15	2.96
15	2.963
15	2.957
15	2.992
15	3.01
15	3.021
15	3.042
15	3.095
15	3.112
15	3.096
15	3.046
15	3.006
15	2.972
15	2.942
15	2.958
15	2.958
15	2.94
15	2.933
15	2.924
15	2.932
15	2.942
15	2.923
15	2.913
15	2.885
15	2.86
15	2.837
15	2.846
15	2.837
15	2.84
15	2.903
15	2.999
15	3.049
15	3.055
15	3.049
15	3.065
15	3.138
15	3.186
15	3.2
15	3.255
15	3.301
15	3.309
15	3.336
15	3.351
15	3.367
15	3.391
15	3.402
15	3.4
15	3.416
15	3.42
15	3.452
15	3.605
15	3.752
15	3.796
15	3.789
15	3.811
15	3.895
15	3.981
15	4.061
15	4.117
15	4.192
15	4.211
15	4.202
15	4.134
15	4.069
15	4.025
15	3.989
15	3.964
15	3.916
15	3.886
15	3.915
15	3.972
15	4.004
15	4.02
15	3.995
15	3.942
15	3.906
15	3.879
15	3.93
15	3.937
15	3.899
15	3.858
15	3.775
15	3.744
15	3.757
15	3.757
15	3.738
15	3.719
15	3.717
15	3.689
15	3.666
15	3.627
15	3.611
15	3.587
15	3.566
15	3.585
15	3.666
15	3.705
15	3.737
15	3.796
15	3.826
15	3.874
15	3.917
15	3.983
15	4.021
15	4.021
15	4.054
15	4.098
15	4.143
15	4.187
15	4.17
15	4.163
15	4.124
15	4.055
15	4.029
15	3.979
15	3.915
15	3.871
15	3.786
15	3.722
15	3.667
15	3.646
15	3.689
15	3.732
15	3.82
15	3.819
15	3.863
15	3.963
15	3.997
15	4.026
15	4.076
15	4.088
15	4.203
15	4.158
15	4.151
15	4.186
15	4.153
15	4.071
15	3.97
15	3.947
15	3.942
15	3.978
15	3.966
15	3.92
15	3.869
15	3.816
15	3.785
15	3.794
15	3.802
15	3.798
15	3.78
15	3.806
15	3.945
15	4.006
15	4.045
15	4.079
15	4.045
15	4.029
15	3.999
15	3.983
15	3.954
15	3.914
15	3.876
15	3.806
15	3.775
15	3.762
15	3.79
15	3.793
15	3.808
15	3.792
15	3.795
15	3.793
15	3.8
15	3.778
15	3.791
15	3.913
15	3.951
16	2.58
16	2.572
16	2.55
16	2.586
16	2.62
16	2.684
16	2.692
16	2.717
16	2.725
16	2.75
16	2.765
16	2.776
16	2.766
16	2.771
16	2.788
16	2.776
16	2.737
16	2.7
16	2.684
16	2.674
16	2.715
16	2.728
16	2.711
16	2.699
16	2.691
16	2.69
16	2.69
16	2.723
16	2.732
16	2.731
16	2.773
16	2.78
16	2.8
16	2.793
16	2.759
16	2.745
16	2.762
16	2.762
16	2.748
16	2.729
16	2.737
16	2.758
16	2.742
16	2.712
16	2.728
16	2.778
16	2.781
16	2.829
16	2.882
16	2.911
16	2.973
16	3.008
16	3.011
16	3.037
16	3.051
16	3.101
16	3.232
16	3.372
16	3.406
16	3.414
16	3.461
16	3.532
16	3.611
16	3.636
16	3.663
16	3.735
16	3.767
16	3.828
16	3.795
16	3.763
16	3.735
16	3.697
16	3.661
16	3.597
16	3.54
16	3.532
16	3.545
16	3.547
16	3.554
16	3.542
16	3.499
16	3.485
16	3.511
16	3.566
16	3.596
16	3.581
16	3.538
16	3.498
16	3.491
16	3.548
16	3.55
16	3.527
16	3.505
16	3.479
16	3.424
16	3.378
16	3.331
16	3.266
16	3.173
16	3.119
16	3.095
16	3.077
16	3.055
16	3.038
16	3.031
16	3.103
16	3.113
16	3.129
16	3.191
16	3.286
16	3.486
16	3.664
16	3.75
16	3.854
16	3.901
16	3.936
16	3.927
16	3.903
16	3.87
16	3.837
16	3.804
16	3.764
16	3.741
16	3.723
16	3.735
16	3.693
16	3.646
16	3.613
16	3.585
16	3.57
16	3.528
16	3.509
16	3.545
16	3.558
16	3.556
16	3.596
16	3.659
16	3.765
16	3.789
16	3.779
16	3.76
16	3.75
16	3.686
16	3.604
16	3.545
16	3.479
16	3.45
16	3.436
16	3.373
16	3.303
16	3.218
16	3.108
16	3.034
16	2.957
16	2.889
16	2.872
16	2.998
16	3.214
16	3.391
16	3.563
16	3.638
16	3.624
16	3.607
16	3.609
16	3.605
16	3.633
16	3.642
16	3.603
16	3.568
16	3.573
16	3.609
16	3.703
16	3.884
16	3.87
16	3.825
16	3.797
16	3.736
16	3.691
16	3.637
16	3.583
16	3.585
16	3.582
17	2.666
17	2.671
17	2.654
17	2.667
17	2.681
17	2.733
17	2.782
17	2.819
17	2.842
17	2.877
17	2.915
17	2.936
17	2.941
17	2.948
17	2.962
17	2.95
17	2.908
17	2.871
17	2.841
17	2.819
17	2.82
17	2.814
17	2.802
17	2.791
17	2.797
17	2.797
17	2.802
17	2.837
17	2.85
17	2.854
17	2.868
17	2.87
17	2.875
17	2.872
17	2.853
17	2.841
17	2.845
17	2.849
17	2.841
17	2.831
17	2.831
17	2.842
17	2.83
17	2.812
17	2.817
17	2.842
17	2.846
17	2.868
17	2.891
17	2.903
17	2.934
17	2.96
17	2.974
17	3.034
17	3.062
17	3.12
17	3.23
17	3.346
17	3.407
17	3.435
17	3.487
17	3.547
17	3.616
17	3.655
17	3.683
17	3.744
17	3.77
17	3.802
17	3.778
17	3.752
17	3.732
17	3.704
17	3.668
17	3.613
17	3.563
17	3.553
17	3.563
17	3.574
17	3.595
17	3.606
17	3.578
17	3.57
17	3.58
17	3.619
17	3.641
17	3.648
17	3.623
17	3.592
17	3.567
17	3.579
17	3.567
17	3.538
17	3.513
17	3.489
17	3.445
17	3.389
17	3.341
17	3.282
17	3.186
17	3.119
17	3.08
17	3.056
17	3.047
17	3.058
17	3.077
17	3.116
17	3.119
17	3.145
17	3.242
17	3.38
17	3.529
17	3.671
17	3.734
17	3.793
17	3.833
17	3.845
17	3.842
17	3.831
17	3.809
17	3.808
17	3.801
17	3.788
17	3.776
17	3.756
17	3.737
17	3.681
17	3.63
17	3.595
17	3.556
17	3.537
17	3.512
17	3.509
17	3.545
17	3.582
17	3.624
17	3.689
17	3.749
17	3.821
17	3.821
17	3.815
17	3.797
17	3.781
17	3.755
17	3.702
17	3.663
17	3.612
17	3.562
17	3.524
17	3.456
17	3.379
17	3.263
17	3.147
17	3.066
17	2.982
17	2.914
17	2.927
17	3.029
17	3.192
17	3.323
17	3.459
17	3.521
17	3.526
17	3.518
17	3.518
17	3.518
17	3.547
17	3.576
17	3.559
17	3.541
17	3.535
17	3.543
17	3.609
17	3.72
17	3.773
17	3.779
17	3.771
17	3.74
17	3.726
17	3.696
17	3.666
17	3.665
17	3.669
18	2.788
18	2.771
18	2.747
18	2.753
18	2.766
18	2.805
18	2.834
18	2.831
18	2.826
18	2.849
18	2.885
18	2.895
18	2.935
18	2.981
18	2.983
18	2.961
18	2.906
18	2.857
18	2.83
18	2.805
18	2.81
18	2.815
18	2.806
18	2.796
18	2.784
18	2.792
18	2.792
18	2.81
18	2.796
18	2.77
18	2.735
18	2.717
18	2.716
18	2.718
18	2.717
18	2.776
18	2.878
18	2.919
18	2.938
18	2.938
18	2.961
18	3.03
18	3.07
18	3.065
18	3.132
18	3.139
18	3.15
18	3.177
18	3.193
18	3.215
18	3.232
18	3.243
18	3.24
18	3.255
18	3.263
18	3.281
18	3.437
18	3.6
18	3.634
18	3.624
18	3.638
18	3.72
18	3.823
18	3.919
18	3.988
18	4.078
18	4.095
18	4.101
18	4.034
18	3.973
18	3.924
18	3.873
18	3.851
18	3.815
18	3.784
18	3.827
18	3.882
18	3.898
18	3.903
18	3.88
18	3.82
18	3.796
18	3.784
18	3.809
18	3.809
18	3.758
18	3.684
18	3.633
18	3.583
18	3.618
18	3.604
18	3.586
18	3.57
18	3.571
18	3.536
18	3.501
18	3.47
18	3.445
18	3.413
18	3.402
18	3.439
18	3.523
18	3.542
18	3.568
18	3.633
18	3.655
18	3.703
18	3.751
18	3.827
18	3.876
18	3.867
18	3.889
18	3.921
18	3.957
18	4.025
18	4.046
18	4.023
18	3.991
18	3.947
18	3.899
18	3.85
18	3.798
18	3.746
18	3.683
18	3.629
18	3.577
18	3.538
18	3.561
18	3.61
18	3.701
18	3.698
18	3.772
18	3.84
18	3.874
18	3.884
18	3.921
18	3.988
18	4.056
18	4.018
18	4.027
18	4.029
18	4
18	3.917
18	3.817
18	3.792
18	3.754
18	3.727
18	3.713
18	3.679
18	3.639
18	3.574
18	3.56
18	3.577
18	3.595
18	3.593
18	3.579
18	3.608
18	3.755
18	3.807
18	3.866
18	3.885
18	3.868
18	3.843
18	3.819
18	3.796
18	3.772
18	3.723
18	3.678
18	3.626
18	3.601
18	3.603
18	3.63
18	3.654
18	3.668
18	3.66
18	3.667
18	3.673
18	3.673
18	3.643
18	3.645
18	3.803
18	3.879
19	2.954
19	2.94
19	2.909
19	2.91
19	2.919
19	2.938
19	2.96
19	2.963
19	2.957
19	2.992
19	3.01
19	3.021
19	3.042
19	3.095
19	3.112
19	3.096
19	3.046
19	3.006
19	2.972
19	2.942
19	2.958
19	2.958
19	2.94
19	2.933
19	2.924
19	2.932
19	2.942
19	2.923
19	2.913
19	2.885
19	2.86
19	2.837
19	2.846
19	2.837
19	2.84
19	2.903
19	2.999
19	3.049
19	3.055
19	3.049
19	3.065
19	3.138
19	3.186
19	3.2
19	3.255
19	3.301
19	3.309
19	3.336
19	3.351
19	3.367
19	3.391
19	3.402
19	3.4
19	3.416
19	3.42
19	3.452
19	3.605
19	3.752
19	3.796
19	3.789
19	3.811
19	3.895
19	3.981
19	4.061
19	4.117
19	4.192
19	4.211
19	4.202
19	4.134
19	4.069
19	4.025
19	3.989
19	3.964
19	3.916
19	3.886
19	3.915
19	3.972
19	4.004
19	4.02
19	3.995
19	3.942
19	3.906
19	3.879
19	3.93
19	3.937
19	3.899
19	3.858
19	3.775
19	3.744
19	3.757
19	3.757
19	3.738
19	3.719
19	3.717
19	3.689
19	3.666
19	3.627
19	3.611
19	3.587
19	3.566
19	3.585
19	3.666
19	3.705
19	3.737
19	3.796
19	3.826
19	3.874
19	3.917
19	3.983
19	4.021
19	4.021
19	4.054
19	4.098
19	4.143
19	4.187
19	4.17
19	4.163
19	4.124
19	4.055
19	4.029
19	3.979
19	3.915
19	3.871
19	3.786
19	3.722
19	3.667
19	3.646
19	3.689
19	3.732
19	3.82
19	3.819
19	3.863
19	3.963
19	3.997
19	4.026
19	4.076
19	4.088
19	4.203
19	4.158
19	4.151
19	4.186
19	4.153
19	4.071
19	3.97
19	3.947
19	3.942
19	3.978
19	3.966
19	3.92
19	3.869
19	3.816
19	3.785
19	3.794
19	3.802
19	3.798
19	3.78
19	3.806
19	3.945
19	4.006
19	4.045
19	4.079
19	4.045
19	4.029
19	3.999
19	3.983
19	3.954
19	3.914
19	3.876
19	3.806
19	3.775
19	3.762
19	3.79
19	3.793
19	3.808
19	3.792
19	3.795
19	3.793
19	3.8
19	3.778
19	3.791
19	3.913
19	3.951
20	2.784
20	2.773
20	2.745
20	2.754
20	2.777
20	2.818
20	2.844
20	2.854
20	2.85
20	2.869
20	2.899
20	2.902
20	2.921
20	2.966
20	2.982
20	2.958
20	2.899
20	2.847
20	2.809
20	2.78
20	2.808
20	2.815
20	2.793
20	2.783
20	2.771
20	2.781
20	2.784
20	2.805
20	2.779
20	2.755
20	2.715
20	2.699
20	2.706
20	2.713
20	2.707
20	2.764
20	2.868
20	2.917
20	2.921
20	2.917
20	2.931
20	3
20	3.039
20	3.046
20	3.109
20	3.14
20	3.141
20	3.179
20	3.193
20	3.205
20	3.229
20	3.237
20	3.231
20	3.239
20	3.245
20	3.274
20	3.433
20	3.582
20	3.631
20	3.625
20	3.638
20	3.72
20	3.821
20	3.892
20	3.962
20	4.046
20	4.066
20	4.062
20	3.985
20	3.922
20	3.881
20	3.842
20	3.804
20	3.748
20	3.711
20	3.76
20	3.811
20	3.829
20	3.842
20	3.812
20	3.747
20	3.704
20	3.703
20	3.738
20	3.742
20	3.711
20	3.645
20	3.583
20	3.541
20	3.57
20	3.569
20	3.551
20	3.53
20	3.53
20	3.492
20	3.452
20	3.415
20	3.413
20	3.389
20	3.389
20	3.422
20	3.513
20	3.533
20	3.567
20	3.617
20	3.64
20	3.695
20	3.739
20	3.816
20	3.848
20	3.862
20	3.9
20	3.953
20	3.996
20	4.044
20	4.027
20	4.004
20	3.951
20	3.889
20	3.848
20	3.798
20	3.742
20	3.689
20	3.62
20	3.564
20	3.506
20	3.475
20	3.523
20	3.567
20	3.647
20	3.654
20	3.722
20	3.807
20	3.834
20	3.867
20	3.911
20	3.948
20	4.038
20	3.997
20	3.985
20	4
20	3.969
20	3.882
20	3.787
20	3.771
20	3.75
20	3.748
20	3.729
20	3.688
20	3.637
20	3.577
20	3.563
20	3.592
20	3.611
20	3.605
20	3.583
20	3.615
20	3.753
20	3.814
20	3.859
20	3.89
20	3.86
20	3.834
20	3.8
20	3.784
20	3.763
20	3.724
20	3.676
20	3.615
20	3.592
20	3.583
20	3.614
20	3.627
20	3.646
20	3.633
20	3.632
20	3.626
20	3.639
20	3.614
20	3.614
20	3.737
20	3.804
21	2.572
21	2.548
21	2.514
21	2.561
21	2.625
21	2.667
21	2.72
21	2.732
21	2.719
21	2.77
21	2.808
21	2.795
21	2.78
21	2.835
21	2.854
21	2.826
21	2.759
21	2.705
21	2.668
21	2.637
21	2.653
21	2.669
21	2.642
21	2.623
21	2.608
21	2.64
21	2.627
21	2.692
21	2.664
21	2.619
21	2.577
21	2.565
21	2.582
21	2.624
21	2.603
21	2.633
21	2.72
21	2.725
21	2.716
21	2.689
21	2.728
21	2.771
21	2.735
21	2.708
21	2.843
21	2.869
21	2.886
21	2.943
21	2.976
21	2.983
21	3.016
21	3.01
21	2.989
21	3.022
21	3.045
21	3.065
21	3.288
21	3.459
21	3.488
21	3.473
21	3.524
21	3.622
21	3.743
21	3.807
21	3.81
21	3.906
21	3.899
21	3.907
21	3.786
21	3.699
21	3.648
21	3.637
21	3.594
21	3.524
21	3.48
21	3.575
21	3.651
21	3.682
21	3.684
21	3.638
21	3.554
21	3.523
21	3.533
21	3.546
21	3.526
21	3.467
21	3.355
21	3.285
21	3.274
21	3.353
21	3.372
21	3.332
21	3.297
21	3.308
21	3.236
21	3.172
21	3.158
21	3.159
21	3.112
21	3.129
21	3.157
21	3.261
21	3.268
21	3.29
21	3.36
21	3.409
21	3.51
21	3.555
21	3.63
21	3.669
21	3.734
21	3.787
21	3.845
21	3.891
21	3.891
21	3.877
21	3.814
21	3.749
21	3.688
21	3.63
21	3.561
21	3.501
21	3.452
21	3.393
21	3.346
21	3.286
21	3.227
21	3.256
21	3.311
21	3.407
21	3.417
21	3.494
21	3.571
21	3.62
21	3.638
21	3.73
21	3.717
21	3.721
21	3.666
21	3.617
21	3.601
21	3.594
21	3.506
21	3.386
21	3.314
21	3.252
21	3.211
21	3.207
21	3.198
21	3.168
21	3.098
21	3.108
21	3.161
21	3.243
21	3.237
21	3.227
21	3.244
21	3.417
21	3.475
21	3.597
21	3.711
21	3.658
21	3.622
21	3.611
21	3.606
21	3.583
21	3.529
21	3.451
21	3.417
21	3.386
21	3.392
21	3.454
21	3.494
21	3.466
21	3.439
21	3.431
21	3.479
21	3.495
21	3.422
21	3.4
21	3.556
21	3.62
22	2.788
22	2.771
22	2.747
22	2.753
22	2.766
22	2.805
22	2.834
22	2.831
22	2.826
22	2.849
22	2.885
22	2.895
22	2.935
22	2.981
22	2.983
22	2.961
22	2.906
22	2.857
22	2.83
22	2.805
22	2.81
22	2.815
22	2.806
22	2.796
22	2.784
22	2.792
22	2.792
22	2.81
22	2.796
22	2.77
22	2.735
22	2.717
22	2.716
22	2.718
22	2.717
22	2.776
22	2.878
22	2.919
22	2.938
22	2.938
22	2.961
22	3.03
22	3.07
22	3.065
22	3.132
22	3.139
22	3.15
22	3.177
22	3.193
22	3.215
22	3.232
22	3.243
22	3.24
22	3.255
22	3.263
22	3.281
22	3.437
22	3.6
22	3.634
22	3.624
22	3.638
22	3.72
22	3.823
22	3.919
22	3.988
22	4.078
22	4.095
22	4.101
22	4.034
22	3.973
22	3.924
22	3.873
22	3.851
22	3.815
22	3.784
22	3.827
22	3.882
22	3.898
22	3.903
22	3.88
22	3.82
22	3.796
22	3.784
22	3.809
22	3.809
22	3.758
22	3.684
22	3.633
22	3.583
22	3.618
22	3.604
22	3.586
22	3.57
22	3.571
22	3.536
22	3.501
22	3.47
22	3.445
22	3.413
22	3.402
22	3.439
22	3.523
22	3.542
22	3.568
22	3.633
22	3.655
22	3.703
22	3.751
22	3.827
22	3.876
22	3.867
22	3.889
22	3.921
22	3.957
22	4.025
22	4.046
22	4.023
22	3.991
22	3.947
22	3.899
22	3.85
22	3.798
22	3.746
22	3.683
22	3.629
22	3.577
22	3.538
22	3.561
22	3.61
22	3.701
22	3.698
22	3.772
22	3.84
22	3.874
22	3.884
22	3.921
22	3.988
22	4.056
22	4.018
22	4.027
22	4.029
22	4
22	3.917
22	3.817
22	3.792
22	3.754
22	3.727
22	3.713
22	3.679
22	3.639
22	3.574
22	3.56
22	3.577
22	3.595
22	3.593
22	3.579
22	3.608
22	3.755
22	3.807
22	3.866
22	3.885
22	3.868
22	3.843
22	3.819
22	3.796
22	3.772
22	3.723
22	3.678
22	3.626
22	3.601
22	3.603
22	3.63
22	3.654
22	3.668
22	3.66
22	3.667
22	3.673
22	3.673
22	3.643
22	3.645
22	3.803
22	3.879
23	2.788
23	2.771
23	2.747
23	2.753
23	2.766
23	2.805
23	2.834
23	2.831
23	2.826
23	2.849
23	2.885
23	2.895
23	2.935
23	2.981
23	2.983
23	2.961
23	2.906
23	2.857
23	2.83
23	2.805
23	2.81
23	2.815
23	2.806
23	2.796
23	2.784
23	2.792
23	2.792
23	2.81
23	2.796
23	2.77
23	2.735
23	2.717
23	2.716
23	2.718
23	2.717
23	2.776
23	2.878
23	2.919
23	2.938
23	2.938
23	2.961
23	3.03
23	3.07
23	3.065
23	3.132
23	3.139
23	3.15
23	3.177
23	3.193
23	3.215
23	3.232
23	3.243
23	3.24
23	3.255
23	3.263
23	3.281
23	3.437
23	3.6
23	3.634
23	3.624
23	3.638
23	3.72
23	3.823
23	3.919
23	3.988
23	4.078
23	4.095
23	4.101
23	4.034
23	3.973
23	3.924
23	3.873
23	3.851
23	3.815
23	3.784
23	3.827
23	3.882
23	3.898
23	3.903
23	3.88
23	3.82
23	3.796
23	3.784
23	3.809
23	3.809
23	3.758
23	3.684
23	3.633
23	3.583
23	3.618
23	3.604
23	3.586
23	3.57
23	3.571
23	3.536
23	3.501
23	3.47
23	3.445
23	3.413
23	3.402
23	3.439
23	3.523
23	3.542
23	3.568
23	3.633
23	3.655
23	3.703
23	3.751
23	3.827
23	3.876
23	3.867
23	3.889
23	3.921
23	3.957
23	4.025
23	4.046
23	4.023
23	3.991
23	3.947
23	3.899
23	3.85
23	3.798
23	3.746
23	3.683
23	3.629
23	3.577
23	3.538
23	3.561
23	3.61
23	3.701
23	3.698
23	3.772
23	3.84
23	3.874
23	3.884
23	3.921
23	3.988
23	4.056
23	4.018
23	4.027
23	4.029
23	4
23	3.917
23	3.817
23	3.792
23	3.754
23	3.727
23	3.713
23	3.679
23	3.639
23	3.574
23	3.56
23	3.577
23	3.595
23	3.593
23	3.579
23	3.608
23	3.755
23	3.807
23	3.866
23	3.885
23	3.868
23	3.843
23	3.819
23	3.796
23	3.772
23	3.723
23	3.678
23	3.626
23	3.601
23	3.603
23	3.63
23	3.654
23	3.668
23	3.66
23	3.667
23	3.673
23	3.673
23	3.643
23	3.645
23	3.803
23	3.879
24	2.954
24	2.94
24	2.909
24	2.91
24	2.919
24	2.938
24	2.96
24	2.963
24	2.957
24	2.992
24	3.01
24	3.021
24	3.042
24	3.095
24	3.112
24	3.096
24	3.046
24	3.006
24	2.972
24	2.942
24	2.958
24	2.958
24	2.94
24	2.933
24	2.924
24	2.932
24	2.942
24	2.923
24	2.913
24	2.885
24	2.86
24	2.837
24	2.846
24	2.837
24	2.84
24	2.903
24	2.999
24	3.049
24	3.055
24	3.049
24	3.065
24	3.138
24	3.186
24	3.2
24	3.255
24	3.301
24	3.309
24	3.336
24	3.351
24	3.367
24	3.391
24	3.402
24	3.4
24	3.416
24	3.42
24	3.452
24	3.605
24	3.752
24	3.796
24	3.789
24	3.811
24	3.895
24	3.981
24	4.061
24	4.117
24	4.192
24	4.211
24	4.202
24	4.134
24	4.069
24	4.025
24	3.989
24	3.964
24	3.916
24	3.886
24	3.915
24	3.972
24	4.004
24	4.02
24	3.995
24	3.942
24	3.906
24	3.879
24	3.93
24	3.937
24	3.899
24	3.858
24	3.775
24	3.744
24	3.757
24	3.757
24	3.738
24	3.719
24	3.717
24	3.689
24	3.666
24	3.627
24	3.611
24	3.587
24	3.566
24	3.585
24	3.666
24	3.705
24	3.737
24	3.796
24	3.826
24	3.874
24	3.917
24	3.983
24	4.021
24	4.021
24	4.054
24	4.098
24	4.143
24	4.187
24	4.17
24	4.163
24	4.124
24	4.055
24	4.029
24	3.979
24	3.915
24	3.871
24	3.786
24	3.722
24	3.667
24	3.646
24	3.689
24	3.732
24	3.82
24	3.819
24	3.863
24	3.963
24	3.997
24	4.026
24	4.076
24	4.088
24	4.203
24	4.158
24	4.151
24	4.186
24	4.153
24	4.071
24	3.97
24	3.947
24	3.942
24	3.978
24	3.966
24	3.92
24	3.869
24	3.816
24	3.785
24	3.794
24	3.802
24	3.798
24	3.78
24	3.806
24	3.945
24	4.006
24	4.045
24	4.079
24	4.045
24	4.029
24	3.999
24	3.983
24	3.954
24	3.914
24	3.876
24	3.806
24	3.775
24	3.762
24	3.79
24	3.793
24	3.808
24	3.792
24	3.795
24	3.793
24	3.8
24	3.778
24	3.791
24	3.913
24	3.951
25	2.784
25	2.773
25	2.745
25	2.754
25	2.777
25	2.818
25	2.844
25	2.854
25	2.85
25	2.869
25	2.899
25	2.902
25	2.921
25	2.966
25	2.982
25	2.958
25	2.899
25	2.847
25	2.809
25	2.78
25	2.808
25	2.815
25	2.793
25	2.783
25	2.771
25	2.781
25	2.784
25	2.805
25	2.779
25	2.755
25	2.715
25	2.699
25	2.706
25	2.713
25	2.707
25	2.764
25	2.868
25	2.917
25	2.921
25	2.917
25	2.931
25	3
25	3.039
25	3.046
25	3.109
25	3.14
25	3.141
25	3.179
25	3.193
25	3.205
25	3.229
25	3.237
25	3.231
25	3.239
25	3.245
25	3.274
25	3.433
25	3.582
25	3.631
25	3.625
25	3.638
25	3.72
25	3.821
25	3.892
25	3.962
25	4.046
25	4.066
25	4.062
25	3.985
25	3.922
25	3.881
25	3.842
25	3.804
25	3.748
25	3.711
25	3.76
25	3.811
25	3.829
25	3.842
25	3.812
25	3.747
25	3.704
25	3.703
25	3.738
25	3.742
25	3.711
25	3.645
25	3.583
25	3.541
25	3.57
25	3.569
25	3.551
25	3.53
25	3.53
25	3.492
25	3.452
25	3.415
25	3.413
25	3.389
25	3.389
25	3.422
25	3.513
25	3.533
25	3.567
25	3.617
25	3.64
25	3.695
25	3.739
25	3.816
25	3.848
25	3.862
25	3.9
25	3.953
25	3.996
25	4.044
25	4.027
25	4.004
25	3.951
25	3.889
25	3.848
25	3.798
25	3.742
25	3.689
25	3.62
25	3.564
25	3.506
25	3.475
25	3.523
25	3.567
25	3.647
25	3.654
25	3.722
25	3.807
25	3.834
25	3.867
25	3.911
25	3.948
25	4.038
25	3.997
25	3.985
25	4
25	3.969
25	3.882
25	3.787
25	3.771
25	3.75
25	3.748
25	3.729
25	3.688
25	3.637
25	3.577
25	3.563
25	3.592
25	3.611
25	3.605
25	3.583
25	3.615
25	3.753
25	3.814
25	3.859
25	3.89
25	3.86
25	3.834
25	3.8
25	3.784
25	3.763
25	3.724
25	3.676
25	3.615
25	3.592
25	3.583
25	3.614
25	3.627
25	3.646
25	3.633
25	3.632
25	3.626
25	3.639
25	3.614
25	3.614
25	3.737
25	3.804
26	2.788
26	2.771
26	2.747
26	2.753
26	2.766
26	2.805
26	2.834
26	2.831
26	2.826
26	2.849
26	2.885
26	2.895
26	2.935
26	2.981
26	2.983
26	2.961
26	2.906
26	2.857
26	2.83
26	2.805
26	2.81
26	2.815
26	2.806
26	2.796
26	2.784
26	2.792
26	2.792
26	2.81
26	2.796
26	2.77
26	2.735
26	2.717
26	2.716
26	2.718
26	2.717
26	2.776
26	2.878
26	2.919
26	2.938
26	2.938
26	2.961
26	3.03
26	3.07
26	3.065
26	3.132
26	3.139
26	3.15
26	3.177
26	3.193
26	3.215
26	3.232
26	3.243
26	3.24
26	3.255
26	3.263
26	3.281
26	3.437
26	3.6
26	3.634
26	3.624
26	3.638
26	3.72
26	3.823
26	3.919
26	3.988
26	4.078
26	4.095
26	4.101
26	4.034
26	3.973
26	3.924
26	3.873
26	3.851
26	3.815
26	3.784
26	3.827
26	3.882
26	3.898
26	3.903
26	3.88
26	3.82
26	3.796
26	3.784
26	3.809
26	3.809
26	3.758
26	3.684
26	3.633
26	3.583
26	3.618
26	3.604
26	3.586
26	3.57
26	3.571
26	3.536
26	3.501
26	3.47
26	3.445
26	3.413
26	3.402
26	3.439
26	3.523
26	3.542
26	3.568
26	3.633
26	3.655
26	3.703
26	3.751
26	3.827
26	3.876
26	3.867
26	3.889
26	3.921
26	3.957
26	4.025
26	4.046
26	4.023
26	3.991
26	3.947
26	3.899
26	3.85
26	3.798
26	3.746
26	3.683
26	3.629
26	3.577
26	3.538
26	3.561
26	3.61
26	3.701
26	3.698
26	3.772
26	3.84
26	3.874
26	3.884
26	3.921
26	3.988
26	4.056
26	4.018
26	4.027
26	4.029
26	4
26	3.917
26	3.817
26	3.792
26	3.754
26	3.727
26	3.713
26	3.679
26	3.639
26	3.574
26	3.56
26	3.577
26	3.595
26	3.593
26	3.579
26	3.608
26	3.755
26	3.807
26	3.866
26	3.885
26	3.868
26	3.843
26	3.819
26	3.796
26	3.772
26	3.723
26	3.678
26	3.626
26	3.601
26	3.603
26	3.63
26	3.654
26	3.668
26	3.66
26	3.667
26	3.673
26	3.673
26	3.643
26	3.645
26	3.803
26	3.879
27	2.954
27	2.94
27	2.909
27	2.91
27	2.919
27	2.938
27	2.96
27	2.963
27	2.957
27	2.992
27	3.01
27	3.021
27	3.042
27	3.095
27	3.112
27	3.096
27	3.046
27	3.006
27	2.972
27	2.942
27	2.958
27	2.958
27	2.94
27	2.933
27	2.924
27	2.932
27	2.942
27	2.923
27	2.913
27	2.885
27	2.86
27	2.837
27	2.846
27	2.837
27	2.84
27	2.903
27	2.999
27	3.049
27	3.055
27	3.049
27	3.065
27	3.138
27	3.186
27	3.2
27	3.255
27	3.301
27	3.309
27	3.336
27	3.351
27	3.367
27	3.391
27	3.402
27	3.4
27	3.416
27	3.42
27	3.452
27	3.605
27	3.752
27	3.796
27	3.789
27	3.811
27	3.895
27	3.981
27	4.061
27	4.117
27	4.192
27	4.211
27	4.202
27	4.134
27	4.069
27	4.025
27	3.989
27	3.964
27	3.916
27	3.886
27	3.915
27	3.972
27	4.004
27	4.02
27	3.995
27	3.942
27	3.906
27	3.879
27	3.93
27	3.937
27	3.899
27	3.858
27	3.775
27	3.744
27	3.757
27	3.757
27	3.738
27	3.719
27	3.717
27	3.689
27	3.666
27	3.627
27	3.611
27	3.587
27	3.566
27	3.585
27	3.666
27	3.705
27	3.737
27	3.796
27	3.826
27	3.874
27	3.917
27	3.983
27	4.021
27	4.021
27	4.054
27	4.098
27	4.143
27	4.187
27	4.17
27	4.163
27	4.124
27	4.055
27	4.029
27	3.979
27	3.915
27	3.871
27	3.786
27	3.722
27	3.667
27	3.646
27	3.689
27	3.732
27	3.82
27	3.819
27	3.863
27	3.963
27	3.997
27	4.026
27	4.076
27	4.088
27	4.203
27	4.158
27	4.151
27	4.186
27	4.153
27	4.071
27	3.97
27	3.947
27	3.942
27	3.978
27	3.966
27	3.92
27	3.869
27	3.816
27	3.785
27	3.794
27	3.802
27	3.798
27	3.78
27	3.806
27	3.945
27	4.006
27	4.045
27	4.079
27	4.045
27	4.029
27	3.999
27	3.983
27	3.954
27	3.914
27	3.876
27	3.806
27	3.775
27	3.762
27	3.79
27	3.793
27	3.808
27	3.792
27	3.795
27	3.793
27	3.8
27	3.778
27	3.791
27	3.913
27	3.951
28	2.962
28	2.946
28	2.915
28	2.825
28	2.987
28	2.925
28	3.054
28	3.083
28	3.086
28	3.09
28	3.109
28	3.05
28	3.105
28	3.127
28	3.145
28	3.12
28	3.058
28	2.941
28	2.949
28	3.043
28	3.084
28	3.105
28	3.1
28	3.094
28	3.112
28	3.017
28	3.123
28	3.159
28	3.041
28	3.129
28	3.087
28	3.044
28	3.028
28	2.939
28	3.001
28	3.013
28	2.976
28	3.014
28	3.016
28	3.129
28	3.13
28	3.161
28	3.162
28	3.041
28	3.203
28	3.236
28	3.236
28	3.148
28	3.287
28	3.312
28	3.223
28	3.342
28	3.348
28	3.381
28	3.43
28	3.53
28	3.674
28	3.818
28	3.692
28	3.909
28	3.772
28	4.003
28	3.868
28	4.134
28	4.151
28	4.193
28	4.202
28	4.169
28	4.087
28	4.031
28	3.981
28	3.935
28	3.898
28	3.842
28	3.705
28	3.692
28	3.794
28	3.805
28	3.803
28	3.701
28	3.743
28	3.74
28	3.798
28	3.913
28	3.918
28	3.789
28	3.877
28	3.827
28	3.805
28	3.842
28	3.727
28	3.828
28	3.824
28	3.813
28	3.622
28	3.701
28	3.644
28	3.6
28	3.541
28	3.428
28	3.599
28	3.657
28	3.66
28	3.675
28	3.702
28	3.722
28	3.781
28	3.95
28	4.178
28	4.25
28	4.273
28	4.038
28	4.294
28	4.121
28	4.254
28	4.222
28	4.193
28	4.171
28	4.186
28	4.11
28	4.293
28	4.277
28	4.103
28	4.144
28	4.014
28	3.875
28	3.765
28	3.723
28	3.726
28	3.769
28	3.76
28	3.811
28	4.002
28	4.055
28	4.093
28	4.124
28	4.133
28	4.125
28	3.966
28	3.966
28	4.468
28	4.449
28	4.301
28	4.099
28	3.951
28	3.834
28	3.759
28	3.581
28	3.668
28	3.467
28	3.393
28	3.48
28	3.51
28	3.542
28	3.545
28	3.337
28	3.6
28	3.795
28	3.924
28	4.031
28	4.109
28	3.874
28	4.104
28	4.062
28	4.016
28	3.998
28	3.981
28	3.76
28	3.889
28	3.671
28	3.689
28	3.809
28	3.835
28	3.829
28	3.789
28	3.771
28	3.766
28	3.781
28	3.753
28	3.737
28	3.823
28	3.865
29	2.788
29	2.771
29	2.747
29	2.753
29	2.766
29	2.805
29	2.834
29	2.831
29	2.826
29	2.849
29	2.885
29	2.895
29	2.935
29	2.981
29	2.983
29	2.961
29	2.906
29	2.857
29	2.83
29	2.805
29	2.81
29	2.815
29	2.806
29	2.796
29	2.784
29	2.792
29	2.792
29	2.81
29	2.796
29	2.77
29	2.735
29	2.717
29	2.716
29	2.718
29	2.717
29	2.776
29	2.878
29	2.919
29	2.938
29	2.938
29	2.961
29	3.03
29	3.07
29	3.065
29	3.132
29	3.139
29	3.15
29	3.177
29	3.193
29	3.215
29	3.232
29	3.243
29	3.24
29	3.255
29	3.263
29	3.281
29	3.437
29	3.6
29	3.634
29	3.624
29	3.638
29	3.72
29	3.823
29	3.919
29	3.988
29	4.078
29	4.095
29	4.101
29	4.034
29	3.973
29	3.924
29	3.873
29	3.851
29	3.815
29	3.784
29	3.827
29	3.882
29	3.898
29	3.903
29	3.88
29	3.82
29	3.796
29	3.784
29	3.809
29	3.809
29	3.758
29	3.684
29	3.633
29	3.583
29	3.618
29	3.604
29	3.586
29	3.57
29	3.571
29	3.536
29	3.501
29	3.47
29	3.445
29	3.413
29	3.402
29	3.439
29	3.523
29	3.542
29	3.568
29	3.633
29	3.655
29	3.703
29	3.751
29	3.827
29	3.876
29	3.867
29	3.889
29	3.921
29	3.957
29	4.025
29	4.046
29	4.023
29	3.991
29	3.947
29	3.899
29	3.85
29	3.798
29	3.746
29	3.683
29	3.629
29	3.577
29	3.538
29	3.561
29	3.61
29	3.701
29	3.698
29	3.772
29	3.84
29	3.874
29	3.884
29	3.921
29	3.988
29	4.056
29	4.018
29	4.027
29	4.029
29	4
29	3.917
29	3.817
29	3.792
29	3.754
29	3.727
29	3.713
29	3.679
29	3.639
29	3.574
29	3.56
29	3.577
29	3.595
29	3.593
29	3.579
29	3.608
29	3.755
29	3.807
29	3.866
29	3.885
29	3.868
29	3.843
29	3.819
29	3.796
29	3.772
29	3.723
29	3.678
29	3.626
29	3.601
29	3.603
29	3.63
29	3.654
29	3.668
29	3.66
29	3.667
29	3.673
29	3.673
29	3.643
29	3.645
29	3.803
29	3.879
30	2.572
30	2.548
30	2.514
30	2.561
30	2.625
30	2.667
30	2.72
30	2.732
30	2.719
30	2.77
30	2.808
30	2.795
30	2.78
30	2.835
30	2.854
30	2.826
30	2.759
30	2.705
30	2.668
30	2.637
30	2.653
30	2.669
30	2.642
30	2.623
30	2.608
30	2.64
30	2.627
30	2.692
30	2.664
30	2.619
30	2.577
30	2.565
30	2.582
30	2.624
30	2.603
30	2.633
30	2.72
30	2.725
30	2.716
30	2.689
30	2.728
30	2.771
30	2.735
30	2.708
30	2.843
30	2.869
30	2.886
30	2.943
30	2.976
30	2.983
30	3.016
30	3.01
30	2.989
30	3.022
30	3.045
30	3.065
30	3.288
30	3.459
30	3.488
30	3.473
30	3.524
30	3.622
30	3.743
30	3.807
30	3.81
30	3.906
30	3.899
30	3.907
30	3.786
30	3.699
30	3.648
30	3.637
30	3.594
30	3.524
30	3.48
30	3.575
30	3.651
30	3.682
30	3.684
30	3.638
30	3.554
30	3.523
30	3.533
30	3.546
30	3.526
30	3.467
30	3.355
30	3.285
30	3.274
30	3.353
30	3.372
30	3.332
30	3.297
30	3.308
30	3.236
30	3.172
30	3.158
30	3.159
30	3.112
30	3.129
30	3.157
30	3.261
30	3.268
30	3.29
30	3.36
30	3.409
30	3.51
30	3.555
30	3.63
30	3.669
30	3.734
30	3.787
30	3.845
30	3.891
30	3.891
30	3.877
30	3.814
30	3.749
30	3.688
30	3.63
30	3.561
30	3.501
30	3.452
30	3.393
30	3.346
30	3.286
30	3.227
30	3.256
30	3.311
30	3.407
30	3.417
30	3.494
30	3.571
30	3.62
30	3.638
30	3.73
30	3.717
30	3.721
30	3.666
30	3.617
30	3.601
30	3.594
30	3.506
30	3.386
30	3.314
30	3.252
30	3.211
30	3.207
30	3.198
30	3.168
30	3.098
30	3.108
30	3.161
30	3.243
30	3.237
30	3.227
30	3.244
30	3.417
30	3.475
30	3.597
30	3.711
30	3.658
30	3.622
30	3.611
30	3.606
30	3.583
30	3.529
30	3.451
30	3.417
30	3.386
30	3.392
30	3.454
30	3.494
30	3.466
30	3.439
30	3.431
30	3.479
30	3.495
30	3.422
30	3.4
30	3.556
30	3.62
31	2.572
31	2.548
31	2.514
31	2.561
31	2.625
31	2.667
31	2.72
31	2.732
31	2.719
31	2.77
31	2.808
31	2.795
31	2.78
31	2.835
31	2.854
31	2.826
31	2.759
31	2.705
31	2.668
31	2.637
31	2.653
31	2.669
31	2.642
31	2.623
31	2.608
31	2.64
31	2.627
31	2.692
31	2.664
31	2.619
31	2.577
31	2.565
31	2.582
31	2.624
31	2.603
31	2.633
31	2.72
31	2.725
31	2.716
31	2.689
31	2.728
31	2.771
31	2.735
31	2.708
31	2.843
31	2.869
31	2.886
31	2.943
31	2.976
31	2.983
31	3.016
31	3.01
31	2.989
31	3.022
31	3.045
31	3.065
31	3.288
31	3.459
31	3.488
31	3.473
31	3.524
31	3.622
31	3.743
31	3.807
31	3.81
31	3.906
31	3.899
31	3.907
31	3.786
31	3.699
31	3.648
31	3.637
31	3.594
31	3.524
31	3.48
31	3.575
31	3.651
31	3.682
31	3.684
31	3.638
31	3.554
31	3.523
31	3.533
31	3.546
31	3.526
31	3.467
31	3.355
31	3.285
31	3.274
31	3.353
31	3.372
31	3.332
31	3.297
31	3.308
31	3.236
31	3.172
31	3.158
31	3.159
31	3.112
31	3.129
31	3.157
31	3.261
31	3.268
31	3.29
31	3.36
31	3.409
31	3.51
31	3.555
31	3.63
31	3.669
31	3.734
31	3.787
31	3.845
31	3.891
31	3.891
31	3.877
31	3.814
31	3.749
31	3.688
31	3.63
31	3.561
31	3.501
31	3.452
31	3.393
31	3.346
31	3.286
31	3.227
31	3.256
31	3.311
31	3.407
31	3.417
31	3.494
31	3.571
31	3.62
31	3.638
31	3.73
31	3.717
31	3.721
31	3.666
31	3.617
31	3.601
31	3.594
31	3.506
31	3.386
31	3.314
31	3.252
31	3.211
31	3.207
31	3.198
31	3.168
31	3.098
31	3.108
31	3.161
31	3.243
31	3.237
31	3.227
31	3.244
31	3.417
31	3.475
31	3.597
31	3.711
31	3.658
31	3.622
31	3.611
31	3.606
31	3.583
31	3.529
31	3.451
31	3.417
31	3.386
31	3.392
31	3.454
31	3.494
31	3.466
31	3.439
31	3.431
31	3.479
31	3.495
31	3.422
31	3.4
31	3.556
31	3.62
32	2.58
32	2.572
32	2.55
32	2.586
32	2.62
32	2.684
32	2.692
32	2.717
32	2.725
32	2.75
32	2.765
32	2.776
32	2.766
32	2.771
32	2.788
32	2.776
32	2.737
32	2.7
32	2.684
32	2.674
32	2.715
32	2.728
32	2.711
32	2.699
32	2.691
32	2.69
32	2.69
32	2.723
32	2.732
32	2.731
32	2.773
32	2.78
32	2.8
32	2.793
32	2.759
32	2.745
32	2.762
32	2.762
32	2.748
32	2.729
32	2.737
32	2.758
32	2.742
32	2.712
32	2.728
32	2.778
32	2.781
32	2.829
32	2.882
32	2.911
32	2.973
32	3.008
32	3.011
32	3.037
32	3.051
32	3.101
32	3.232
32	3.372
32	3.406
32	3.414
32	3.461
32	3.532
32	3.611
32	3.636
32	3.663
32	3.735
32	3.767
32	3.828
32	3.795
32	3.763
32	3.735
32	3.697
32	3.661
32	3.597
32	3.54
32	3.532
32	3.545
32	3.547
32	3.554
32	3.542
32	3.499
32	3.485
32	3.511
32	3.566
32	3.596
32	3.581
32	3.538
32	3.498
32	3.491
32	3.548
32	3.55
32	3.527
32	3.505
32	3.479
32	3.424
32	3.378
32	3.331
32	3.266
32	3.173
32	3.119
32	3.095
32	3.077
32	3.055
32	3.038
32	3.031
32	3.103
32	3.113
32	3.129
32	3.191
32	3.286
32	3.486
32	3.664
32	3.75
32	3.854
32	3.901
32	3.936
32	3.927
32	3.903
32	3.87
32	3.837
32	3.804
32	3.764
32	3.741
32	3.723
32	3.735
32	3.693
32	3.646
32	3.613
32	3.585
32	3.57
32	3.528
32	3.509
32	3.545
32	3.558
32	3.556
32	3.596
32	3.659
32	3.765
32	3.789
32	3.779
32	3.76
32	3.75
32	3.686
32	3.604
32	3.545
32	3.479
32	3.45
32	3.436
32	3.373
32	3.303
32	3.218
32	3.108
32	3.034
32	2.957
32	2.889
32	2.872
32	2.998
32	3.214
32	3.391
32	3.563
32	3.638
32	3.624
32	3.607
32	3.609
32	3.605
32	3.633
32	3.642
32	3.603
32	3.568
32	3.573
32	3.609
32	3.703
32	3.884
32	3.87
32	3.825
32	3.797
32	3.736
32	3.691
32	3.637
32	3.583
32	3.585
32	3.582
33	2.962
33	2.828
33	2.915
33	2.825
33	2.877
33	3.034
33	3.054
33	2.98
33	3.086
33	3.004
33	3.109
33	3.05
33	3.105
33	3.127
33	3.145
33	3.12
33	3.058
33	2.941
33	3.057
33	2.935
33	3.084
33	2.978
33	3.1
33	2.971
33	3.112
33	3.017
33	3.123
33	3.049
33	3.041
33	3.022
33	3.087
33	2.961
33	3.028
33	2.939
33	3.001
33	2.924
33	3.08
33	3.014
33	3.13
33	3.009
33	3.13
33	3.047
33	3.162
33	3.041
33	3.091
33	3.125
33	3.236
33	3.148
33	3.287
33	3.312
33	3.336
33	3.231
33	3.348
33	3.381
33	3.43
33	3.398
33	3.674
33	3.63
33	3.892
33	3.716
33	3.772
33	3.818
33	4.089
33	3.917
33	4.151
33	4.193
33	4.202
33	3.99
33	3.933
33	3.893
33	3.981
33	3.935
33	3.807
33	3.842
33	3.793
33	3.779
33	3.697
33	3.694
33	3.803
33	3.794
33	3.743
33	3.663
33	3.798
33	3.771
33	3.784
33	3.789
33	3.877
33	3.827
33	3.698
33	3.842
33	3.843
33	3.828
33	3.677
33	3.669
33	3.76
33	3.701
33	3.644
33	3.489
33	3.541
33	3.428
33	3.443
33	3.477
33	3.66
33	3.675
33	3.543
33	3.722
33	3.781
33	3.95
33	3.882
33	3.963
33	4.273
33	4.288
33	4.294
33	4.282
33	4.254
33	4.111
33	4.088
33	4.058
33	4.186
33	4.308
33	4.127
33	4.277
33	4.103
33	4.144
33	4.014
33	3.875
33	3.666
33	3.723
33	3.589
33	3.769
33	3.595
33	3.811
33	4.002
33	4.055
33	3.886
33	4.124
33	3.966
33	4.125
33	3.966
33	4.132
33	4.468
33	4.449
33	4.301
33	4.099
33	3.78
33	3.703
33	3.759
33	3.719
33	3.668
33	3.597
33	3.393
33	3.48
33	3.339
33	3.542
33	3.545
33	3.558
33	3.6
33	3.795
33	3.612
33	4.031
33	3.83
33	4.125
33	3.885
33	4.062
33	4.016
33	3.808
33	3.797
33	3.941
33	3.889
33	3.671
33	3.689
33	3.809
33	3.835
33	3.829
33	3.789
33	3.771
33	3.766
33	3.781
33	3.753
33	3.737
33	3.823
33	3.865
34	2.598
34	2.573
34	2.54
34	2.59
34	2.654
34	2.704
34	2.743
34	2.752
34	2.74
34	2.773
34	2.81
34	2.805
34	2.787
34	2.836
34	2.845
34	2.82
34	2.756
34	2.701
34	2.668
34	2.635
34	2.654
34	2.668
34	2.637
34	2.621
34	2.612
34	2.65
34	2.64
34	2.698
34	2.671
34	2.621
34	2.584
34	2.574
34	2.594
34	2.642
34	2.619
34	2.645
34	2.732
34	2.736
34	2.718
34	2.699
34	2.741
34	2.78
34	2.752
34	2.727
34	2.86
34	2.884
34	2.887
34	2.955
34	2.98
34	2.992
34	3.017
34	3.022
34	2.996
34	3.033
34	3.058
34	3.087
34	3.305
34	3.461
34	3.495
34	3.48
34	3.521
34	3.605
34	3.724
34	3.781
34	3.781
34	3.866
34	3.872
34	3.881
34	3.771
34	3.683
34	3.64
34	3.618
34	3.57
34	3.504
34	3.469
34	3.563
34	3.627
34	3.659
34	3.662
34	3.617
34	3.55
34	3.523
34	3.533
34	3.554
34	3.532
34	3.473
34	3.371
34	3.299
34	3.283
34	3.361
34	3.362
34	3.322
34	3.286
34	3.294
34	3.225
34	3.176
34	3.153
34	3.149
34	3.103
34	3.119
34	3.158
34	3.263
34	3.273
34	3.29
34	3.354
34	3.411
34	3.493
34	3.541
34	3.619
34	3.667
34	3.707
34	3.759
34	3.82
34	3.864
34	3.881
34	3.864
34	3.81
34	3.747
34	3.685
34	3.62
34	3.551
34	3.483
34	3.433
34	3.372
34	3.329
34	3.257
34	3.187
34	3.224
34	3.263
34	3.356
34	3.374
34	3.476
34	3.552
34	3.61
34	3.646
34	3.709
34	3.706
34	3.721
34	3.666
34	3.62
34	3.603
34	3.61
34	3.514
34	3.404
34	3.337
34	3.271
34	3.233
34	3.24
34	3.227
34	3.193
34	3.112
34	3.125
34	3.177
34	3.235
34	3.232
34	3.22
34	3.232
34	3.401
34	3.451
34	3.602
34	3.694
34	3.647
34	3.611
34	3.593
34	3.575
34	3.552
34	3.504
34	3.436
34	3.397
34	3.369
34	3.371
34	3.437
34	3.462
34	3.438
34	3.413
34	3.415
34	3.453
34	3.452
34	3.385
34	3.368
34	3.518
34	3.58
35	2.784
35	2.773
35	2.745
35	2.754
35	2.777
35	2.818
35	2.844
35	2.854
35	2.85
35	2.869
35	2.899
35	2.902
35	2.921
35	2.966
35	2.982
35	2.958
35	2.899
35	2.847
35	2.809
35	2.78
35	2.808
35	2.815
35	2.793
35	2.783
35	2.771
35	2.781
35	2.784
35	2.805
35	2.779
35	2.755
35	2.715
35	2.699
35	2.706
35	2.713
35	2.707
35	2.764
35	2.868
35	2.917
35	2.921
35	2.917
35	2.931
35	3
35	3.039
35	3.046
35	3.109
35	3.14
35	3.141
35	3.179
35	3.193
35	3.205
35	3.229
35	3.237
35	3.231
35	3.239
35	3.245
35	3.274
35	3.433
35	3.582
35	3.631
35	3.625
35	3.638
35	3.72
35	3.821
35	3.892
35	3.962
35	4.046
35	4.066
35	4.062
35	3.985
35	3.922
35	3.881
35	3.842
35	3.804
35	3.748
35	3.711
35	3.76
35	3.811
35	3.829
35	3.842
35	3.812
35	3.747
35	3.704
35	3.703
35	3.738
35	3.742
35	3.711
35	3.645
35	3.583
35	3.541
35	3.57
35	3.569
35	3.551
35	3.53
35	3.53
35	3.492
35	3.452
35	3.415
35	3.413
35	3.389
35	3.389
35	3.422
35	3.513
35	3.533
35	3.567
35	3.617
35	3.64
35	3.695
35	3.739
35	3.816
35	3.848
35	3.862
35	3.9
35	3.953
35	3.996
35	4.044
35	4.027
35	4.004
35	3.951
35	3.889
35	3.848
35	3.798
35	3.742
35	3.689
35	3.62
35	3.564
35	3.506
35	3.475
35	3.523
35	3.567
35	3.647
35	3.654
35	3.722
35	3.807
35	3.834
35	3.867
35	3.911
35	3.948
35	4.038
35	3.997
35	3.985
35	4
35	3.969
35	3.882
35	3.787
35	3.771
35	3.75
35	3.748
35	3.729
35	3.688
35	3.637
35	3.577
35	3.563
35	3.592
35	3.611
35	3.605
35	3.583
35	3.615
35	3.753
35	3.814
35	3.859
35	3.89
35	3.86
35	3.834
35	3.8
35	3.784
35	3.763
35	3.724
35	3.676
35	3.615
35	3.592
35	3.583
35	3.614
35	3.627
35	3.646
35	3.633
35	3.632
35	3.626
35	3.639
35	3.614
35	3.614
35	3.737
35	3.804
36	2.545
36	2.539
36	2.472
36	2.52
36	2.574
36	2.619
36	2.701
36	2.711
36	2.708
36	2.743
36	2.769
36	2.762
36	2.725
36	2.786
36	2.805
36	2.767
36	2.716
36	2.664
36	2.615
36	2.572
36	2.601
36	2.606
36	2.596
36	2.561
36	2.542
36	2.602
36	2.573
36	2.644
36	2.604
36	2.562
36	2.533
36	2.513
36	2.55
36	2.578
36	2.567
36	2.595
36	2.705
36	2.698
36	2.68
36	2.655
36	2.705
36	2.741
36	2.725
36	2.694
36	2.813
36	2.852
36	2.863
36	2.949
36	2.942
36	2.971
36	2.98
36	2.995
36	2.98
36	3.009
36	3.017
36	3.053
36	3.282
36	3.448
36	3.487
36	3.488
36	3.529
36	3.645
36	3.763
36	3.805
36	3.837
36	3.917
36	3.92
36	3.925
36	3.786
36	3.69
36	3.633
36	3.599
36	3.569
36	3.502
36	3.44
36	3.55
36	3.637
36	3.66
36	3.652
36	3.608
36	3.534
36	3.501
36	3.481
36	3.499
36	3.473
36	3.441
36	3.328
36	3.262
36	3.234
36	3.308
36	3.306
36	3.287
36	3.254
36	3.26
36	3.181
36	3.164
36	3.147
36	3.133
36	3.098
36	3.132
36	3.129
36	3.254
36	3.275
36	3.313
36	3.421
36	3.462
36	3.503
36	3.55
36	3.619
36	3.647
36	3.779
36	3.845
36	3.891
36	3.934
36	3.919
36	3.918
36	3.888
36	3.835
36	3.764
36	3.713
36	3.636
36	3.567
36	3.513
36	3.407
36	3.358
36	3.273
36	3.232
36	3.245
36	3.301
36	3.392
36	3.404
36	3.49
36	3.571
36	3.574
36	3.608
36	3.697
36	3.692
36	3.709
36	3.66
36	3.611
36	3.576
36	3.57
36	3.494
36	3.388
36	3.313
36	3.243
36	3.21
36	3.212
36	3.204
36	3.176
36	3.092
36	3.12
36	3.162
36	3.256
36	3.258
36	3.239
36	3.238
36	3.419
36	3.461
36	3.625
36	3.695
36	3.642
36	3.593
36	3.615
36	3.593
36	3.589
36	3.539
36	3.487
36	3.455
36	3.431
36	3.417
36	3.462
36	3.453
36	3.437
36	3.415
36	3.412
36	3.428
36	3.428
36	3.387
36	3.373
36	3.507
36	3.587
37	2.572
37	2.548
37	2.514
37	2.561
37	2.625
37	2.667
37	2.72
37	2.732
37	2.719
37	2.77
37	2.808
37	2.795
37	2.78
37	2.835
37	2.854
37	2.826
37	2.759
37	2.705
37	2.668
37	2.637
37	2.653
37	2.669
37	2.642
37	2.623
37	2.608
37	2.64
37	2.627
37	2.692
37	2.664
37	2.619
37	2.577
37	2.565
37	2.582
37	2.624
37	2.603
37	2.633
37	2.72
37	2.725
37	2.716
37	2.689
37	2.728
37	2.771
37	2.735
37	2.708
37	2.843
37	2.869
37	2.886
37	2.943
37	2.976
37	2.983
37	3.016
37	3.01
37	2.989
37	3.022
37	3.045
37	3.065
37	3.288
37	3.459
37	3.488
37	3.473
37	3.524
37	3.622
37	3.743
37	3.807
37	3.81
37	3.906
37	3.899
37	3.907
37	3.786
37	3.699
37	3.648
37	3.637
37	3.594
37	3.524
37	3.48
37	3.575
37	3.651
37	3.682
37	3.684
37	3.638
37	3.554
37	3.523
37	3.533
37	3.546
37	3.526
37	3.467
37	3.355
37	3.285
37	3.274
37	3.353
37	3.372
37	3.332
37	3.297
37	3.308
37	3.236
37	3.172
37	3.158
37	3.159
37	3.112
37	3.129
37	3.157
37	3.261
37	3.268
37	3.29
37	3.36
37	3.409
37	3.51
37	3.555
37	3.63
37	3.669
37	3.734
37	3.787
37	3.845
37	3.891
37	3.891
37	3.877
37	3.814
37	3.749
37	3.688
37	3.63
37	3.561
37	3.501
37	3.452
37	3.393
37	3.346
37	3.286
37	3.227
37	3.256
37	3.311
37	3.407
37	3.417
37	3.494
37	3.571
37	3.62
37	3.638
37	3.73
37	3.717
37	3.721
37	3.666
37	3.617
37	3.601
37	3.594
37	3.506
37	3.386
37	3.314
37	3.252
37	3.211
37	3.207
37	3.198
37	3.168
37	3.098
37	3.108
37	3.161
37	3.243
37	3.237
37	3.227
37	3.244
37	3.417
37	3.475
37	3.597
37	3.711
37	3.658
37	3.622
37	3.611
37	3.606
37	3.583
37	3.529
37	3.451
37	3.417
37	3.386
37	3.392
37	3.454
37	3.494
37	3.466
37	3.439
37	3.431
37	3.479
37	3.495
37	3.422
37	3.4
37	3.556
37	3.62
38	2.962
38	2.946
38	2.915
38	2.825
38	2.987
38	2.925
38	3.054
38	3.083
38	3.086
38	3.09
38	3.109
38	3.05
38	3.105
38	3.127
38	3.145
38	3.12
38	3.058
38	2.941
38	2.949
38	3.043
38	3.084
38	3.105
38	3.1
38	3.094
38	3.112
38	3.017
38	3.123
38	3.159
38	3.041
38	3.129
38	3.087
38	3.044
38	3.028
38	2.939
38	3.001
38	3.013
38	2.976
38	3.014
38	3.016
38	3.129
38	3.13
38	3.161
38	3.162
38	3.041
38	3.203
38	3.236
38	3.236
38	3.148
38	3.287
38	3.312
38	3.223
38	3.342
38	3.348
38	3.381
38	3.43
38	3.53
38	3.674
38	3.818
38	3.692
38	3.909
38	3.772
38	4.003
38	3.868
38	4.134
38	4.151
38	4.193
38	4.202
38	4.169
38	4.087
38	4.031
38	3.981
38	3.935
38	3.898
38	3.842
38	3.705
38	3.692
38	3.794
38	3.805
38	3.803
38	3.701
38	3.743
38	3.74
38	3.798
38	3.913
38	3.918
38	3.789
38	3.877
38	3.827
38	3.805
38	3.842
38	3.727
38	3.828
38	3.824
38	3.813
38	3.622
38	3.701
38	3.644
38	3.6
38	3.541
38	3.428
38	3.599
38	3.657
38	3.66
38	3.675
38	3.702
38	3.722
38	3.781
38	3.95
38	4.178
38	4.25
38	4.273
38	4.038
38	4.294
38	4.121
38	4.254
38	4.222
38	4.193
38	4.171
38	4.186
38	4.11
38	4.293
38	4.277
38	4.103
38	4.144
38	4.014
38	3.875
38	3.765
38	3.723
38	3.726
38	3.769
38	3.76
38	3.811
38	4.002
38	4.055
38	4.093
38	4.124
38	4.133
38	4.125
38	3.966
38	3.966
38	4.468
38	4.449
38	4.301
38	4.099
38	3.951
38	3.834
38	3.759
38	3.581
38	3.668
38	3.467
38	3.393
38	3.48
38	3.51
38	3.542
38	3.545
38	3.337
38	3.6
38	3.795
38	3.924
38	4.031
38	4.109
38	3.874
38	4.104
38	4.062
38	4.016
38	3.998
38	3.981
38	3.76
38	3.889
38	3.671
38	3.689
38	3.809
38	3.835
38	3.829
38	3.789
38	3.771
38	3.766
38	3.781
38	3.753
38	3.737
38	3.823
38	3.865
39	2.572
39	2.548
39	2.514
39	2.561
39	2.625
39	2.667
39	2.72
39	2.732
39	2.719
39	2.77
39	2.808
39	2.795
39	2.78
39	2.835
39	2.854
39	2.826
39	2.759
39	2.705
39	2.668
39	2.637
39	2.653
39	2.669
39	2.642
39	2.623
39	2.608
39	2.64
39	2.627
39	2.692
39	2.664
39	2.619
39	2.577
39	2.565
39	2.582
39	2.624
39	2.603
39	2.633
39	2.72
39	2.725
39	2.716
39	2.689
39	2.728
39	2.771
39	2.735
39	2.708
39	2.843
39	2.869
39	2.886
39	2.943
39	2.976
39	2.983
39	3.016
39	3.01
39	2.989
39	3.022
39	3.045
39	3.065
39	3.288
39	3.459
39	3.488
39	3.473
39	3.524
39	3.622
39	3.743
39	3.807
39	3.81
39	3.906
39	3.899
39	3.907
39	3.786
39	3.699
39	3.648
39	3.637
39	3.594
39	3.524
39	3.48
39	3.575
39	3.651
39	3.682
39	3.684
39	3.638
39	3.554
39	3.523
39	3.533
39	3.546
39	3.526
39	3.467
39	3.355
39	3.285
39	3.274
39	3.353
39	3.372
39	3.332
39	3.297
39	3.308
39	3.236
39	3.172
39	3.158
39	3.159
39	3.112
39	3.129
39	3.157
39	3.261
39	3.268
39	3.29
39	3.36
39	3.409
39	3.51
39	3.555
39	3.63
39	3.669
39	3.734
39	3.787
39	3.845
39	3.891
39	3.891
39	3.877
39	3.814
39	3.749
39	3.688
39	3.63
39	3.561
39	3.501
39	3.452
39	3.393
39	3.346
39	3.286
39	3.227
39	3.256
39	3.311
39	3.407
39	3.417
39	3.494
39	3.571
39	3.62
39	3.638
39	3.73
39	3.717
39	3.721
39	3.666
39	3.617
39	3.601
39	3.594
39	3.506
39	3.386
39	3.314
39	3.252
39	3.211
39	3.207
39	3.198
39	3.168
39	3.098
39	3.108
39	3.161
39	3.243
39	3.237
39	3.227
39	3.244
39	3.417
39	3.475
39	3.597
39	3.711
39	3.658
39	3.622
39	3.611
39	3.606
39	3.583
39	3.529
39	3.451
39	3.417
39	3.386
39	3.392
39	3.454
39	3.494
39	3.466
39	3.439
39	3.431
39	3.479
39	3.495
39	3.422
39	3.4
39	3.556
39	3.62
40	2.788
40	2.771
40	2.747
40	2.753
40	2.766
40	2.805
40	2.834
40	2.831
40	2.826
40	2.849
40	2.885
40	2.895
40	2.935
40	2.981
40	2.983
40	2.961
40	2.906
40	2.857
40	2.83
40	2.805
40	2.81
40	2.815
40	2.806
40	2.796
40	2.784
40	2.792
40	2.792
40	2.81
40	2.796
40	2.77
40	2.735
40	2.717
40	2.716
40	2.718
40	2.717
40	2.776
40	2.878
40	2.919
40	2.938
40	2.938
40	2.961
40	3.03
40	3.07
40	3.065
40	3.132
40	3.139
40	3.15
40	3.177
40	3.193
40	3.215
40	3.232
40	3.243
40	3.24
40	3.255
40	3.263
40	3.281
40	3.437
40	3.6
40	3.634
40	3.624
40	3.638
40	3.72
40	3.823
40	3.919
40	3.988
40	4.078
40	4.095
40	4.101
40	4.034
40	3.973
40	3.924
40	3.873
40	3.851
40	3.815
40	3.784
40	3.827
40	3.882
40	3.898
40	3.903
40	3.88
40	3.82
40	3.796
40	3.784
40	3.809
40	3.809
40	3.758
40	3.684
40	3.633
40	3.583
40	3.618
40	3.604
40	3.586
40	3.57
40	3.571
40	3.536
40	3.501
40	3.47
40	3.445
40	3.413
40	3.402
40	3.439
40	3.523
40	3.542
40	3.568
40	3.633
40	3.655
40	3.703
40	3.751
40	3.827
40	3.876
40	3.867
40	3.889
40	3.921
40	3.957
40	4.025
40	4.046
40	4.023
40	3.991
40	3.947
40	3.899
40	3.85
40	3.798
40	3.746
40	3.683
40	3.629
40	3.577
40	3.538
40	3.561
40	3.61
40	3.701
40	3.698
40	3.772
40	3.84
40	3.874
40	3.884
40	3.921
40	3.988
40	4.056
40	4.018
40	4.027
40	4.029
40	4
40	3.917
40	3.817
40	3.792
40	3.754
40	3.727
40	3.713
40	3.679
40	3.639
40	3.574
40	3.56
40	3.577
40	3.595
40	3.593
40	3.579
40	3.608
40	3.755
40	3.807
40	3.866
40	3.885
40	3.868
40	3.843
40	3.819
40	3.796
40	3.772
40	3.723
40	3.678
40	3.626
40	3.601
40	3.603
40	3.63
40	3.654
40	3.668
40	3.66
40	3.667
40	3.673
40	3.673
40	3.643
40	3.645
40	3.803
40	3.879
41	2.58
41	2.572
41	2.55
41	2.586
41	2.62
41	2.684
41	2.692
41	2.717
41	2.725
41	2.75
41	2.765
41	2.776
41	2.766
41	2.771
41	2.788
41	2.776
41	2.737
41	2.7
41	2.684
41	2.674
41	2.715
41	2.728
41	2.711
41	2.699
41	2.691
41	2.69
41	2.69
41	2.723
41	2.732
41	2.731
41	2.773
41	2.78
41	2.8
41	2.793
41	2.759
41	2.745
41	2.762
41	2.762
41	2.748
41	2.729
41	2.737
41	2.758
41	2.742
41	2.712
41	2.728
41	2.778
41	2.781
41	2.829
41	2.882
41	2.911
41	2.973
41	3.008
41	3.011
41	3.037
41	3.051
41	3.101
41	3.232
41	3.372
41	3.406
41	3.414
41	3.461
41	3.532
41	3.611
41	3.636
41	3.663
41	3.735
41	3.767
41	3.828
41	3.795
41	3.763
41	3.735
41	3.697
41	3.661
41	3.597
41	3.54
41	3.532
41	3.545
41	3.547
41	3.554
41	3.542
41	3.499
41	3.485
41	3.511
41	3.566
41	3.596
41	3.581
41	3.538
41	3.498
41	3.491
41	3.548
41	3.55
41	3.527
41	3.505
41	3.479
41	3.424
41	3.378
41	3.331
41	3.266
41	3.173
41	3.119
41	3.095
41	3.077
41	3.055
41	3.038
41	3.031
41	3.103
41	3.113
41	3.129
41	3.191
41	3.286
41	3.486
41	3.664
41	3.75
41	3.854
41	3.901
41	3.936
41	3.927
41	3.903
41	3.87
41	3.837
41	3.804
41	3.764
41	3.741
41	3.723
41	3.735
41	3.693
41	3.646
41	3.613
41	3.585
41	3.57
41	3.528
41	3.509
41	3.545
41	3.558
41	3.556
41	3.596
41	3.659
41	3.765
41	3.789
41	3.779
41	3.76
41	3.75
41	3.686
41	3.604
41	3.545
41	3.479
41	3.45
41	3.436
41	3.373
41	3.303
41	3.218
41	3.108
41	3.034
41	2.957
41	2.889
41	2.872
41	2.998
41	3.214
41	3.391
41	3.563
41	3.638
41	3.624
41	3.607
41	3.609
41	3.605
41	3.633
41	3.642
41	3.603
41	3.568
41	3.573
41	3.609
41	3.703
41	3.884
41	3.87
41	3.825
41	3.797
41	3.736
41	3.691
41	3.637
41	3.583
41	3.585
41	3.582
42	2.962
42	2.828
42	2.915
42	2.825
42	2.877
42	3.034
42	3.054
42	2.98
42	3.086
42	3.004
42	3.109
42	3.05
42	3.105
42	3.127
42	3.145
42	3.12
42	3.058
42	2.941
42	3.057
42	2.935
42	3.084
42	2.978
42	3.1
42	2.971
42	3.112
42	3.017
42	3.123
42	3.049
42	3.041
42	3.022
42	3.087
42	2.961
42	3.028
42	2.939
42	3.001
42	2.924
42	3.08
42	3.014
42	3.13
42	3.009
42	3.13
42	3.047
42	3.162
42	3.041
42	3.091
42	3.125
42	3.236
42	3.148
42	3.287
42	3.312
42	3.336
42	3.231
42	3.348
42	3.381
42	3.43
42	3.398
42	3.674
42	3.63
42	3.892
42	3.716
42	3.772
42	3.818
42	4.089
42	3.917
42	4.151
42	4.193
42	4.202
42	3.99
42	3.933
42	3.893
42	3.981
42	3.935
42	3.807
42	3.842
42	3.793
42	3.779
42	3.697
42	3.694
42	3.803
42	3.794
42	3.743
42	3.663
42	3.798
42	3.771
42	3.784
42	3.789
42	3.877
42	3.827
42	3.698
42	3.842
42	3.843
42	3.828
42	3.677
42	3.669
42	3.76
42	3.701
42	3.644
42	3.489
42	3.541
42	3.428
42	3.443
42	3.477
42	3.66
42	3.675
42	3.543
42	3.722
42	3.781
42	3.95
42	3.882
42	3.963
42	4.273
42	4.288
42	4.294
42	4.282
42	4.254
42	4.111
42	4.088
42	4.058
42	4.186
42	4.308
42	4.127
42	4.277
42	4.103
42	4.144
42	4.014
42	3.875
42	3.666
42	3.723
42	3.589
42	3.769
42	3.595
42	3.811
42	4.002
42	4.055
42	3.886
42	4.124
42	3.966
42	4.125
42	3.966
42	4.132
42	4.468
42	4.449
42	4.301
42	4.099
42	3.78
42	3.703
42	3.759
42	3.719
42	3.668
42	3.597
42	3.393
42	3.48
42	3.339
42	3.542
42	3.545
42	3.558
42	3.6
42	3.795
42	3.612
42	4.031
42	3.83
42	4.125
42	3.885
42	4.062
42	4.016
42	3.808
42	3.797
42	3.941
42	3.889
42	3.671
42	3.689
42	3.809
42	3.835
42	3.829
42	3.789
42	3.771
42	3.766
42	3.781
42	3.753
42	3.737
42	3.823
42	3.865
43	2.572
43	2.548
43	2.514
43	2.561
43	2.625
43	2.667
43	2.72
43	2.732
43	2.719
43	2.77
43	2.808
43	2.795
43	2.78
43	2.835
43	2.854
43	2.826
43	2.759
43	2.705
43	2.668
43	2.637
43	2.653
43	2.669
43	2.642
43	2.623
43	2.608
43	2.64
43	2.627
43	2.692
43	2.664
43	2.619
43	2.577
43	2.565
43	2.582
43	2.624
43	2.603
43	2.633
43	2.72
43	2.725
43	2.716
43	2.689
43	2.728
43	2.771
43	2.735
43	2.708
43	2.843
43	2.869
43	2.886
43	2.943
43	2.976
43	2.983
43	3.016
43	3.01
43	2.989
43	3.022
43	3.045
43	3.065
43	3.288
43	3.459
43	3.488
43	3.473
43	3.524
43	3.622
43	3.743
43	3.807
43	3.81
43	3.906
43	3.899
43	3.907
43	3.786
43	3.699
43	3.648
43	3.637
43	3.594
43	3.524
43	3.48
43	3.575
43	3.651
43	3.682
43	3.684
43	3.638
43	3.554
43	3.523
43	3.533
43	3.546
43	3.526
43	3.467
43	3.355
43	3.285
43	3.274
43	3.353
43	3.372
43	3.332
43	3.297
43	3.308
43	3.236
43	3.172
43	3.158
43	3.159
43	3.112
43	3.129
43	3.157
43	3.261
43	3.268
43	3.29
43	3.36
43	3.409
43	3.51
43	3.555
43	3.63
43	3.669
43	3.734
43	3.787
43	3.845
43	3.891
43	3.891
43	3.877
43	3.814
43	3.749
43	3.688
43	3.63
43	3.561
43	3.501
43	3.452
43	3.393
43	3.346
43	3.286
43	3.227
43	3.256
43	3.311
43	3.407
43	3.417
43	3.494
43	3.571
43	3.62
43	3.638
43	3.73
43	3.717
43	3.721
43	3.666
43	3.617
43	3.601
43	3.594
43	3.506
43	3.386
43	3.314
43	3.252
43	3.211
43	3.207
43	3.198
43	3.168
43	3.098
43	3.108
43	3.161
43	3.243
43	3.237
43	3.227
43	3.244
43	3.417
43	3.475
43	3.597
43	3.711
43	3.658
43	3.622
43	3.611
43	3.606
43	3.583
43	3.529
43	3.451
43	3.417
43	3.386
43	3.392
43	3.454
43	3.494
43	3.466
43	3.439
43	3.431
43	3.479
43	3.495
43	3.422
43	3.4
43	3.556
43	3.62
44	2.666
44	2.671
44	2.654
44	2.667
44	2.681
44	2.733
44	2.782
44	2.819
44	2.842
44	2.877
44	2.915
44	2.936
44	2.941
44	2.948
44	2.962
44	2.95
44	2.908
44	2.871
44	2.841
44	2.819
44	2.82
44	2.814
44	2.802
44	2.791
44	2.797
44	2.797
44	2.802
44	2.837
44	2.85
44	2.854
44	2.868
44	2.87
44	2.875
44	2.872
44	2.853
44	2.841
44	2.845
44	2.849
44	2.841
44	2.831
44	2.831
44	2.842
44	2.83
44	2.812
44	2.817
44	2.842
44	2.846
44	2.868
44	2.891
44	2.903
44	2.934
44	2.96
44	2.974
44	3.034
44	3.062
44	3.12
44	3.23
44	3.346
44	3.407
44	3.435
44	3.487
44	3.547
44	3.616
44	3.655
44	3.683
44	3.744
44	3.77
44	3.802
44	3.778
44	3.752
44	3.732
44	3.704
44	3.668
44	3.613
44	3.563
44	3.553
44	3.563
44	3.574
44	3.595
44	3.606
44	3.578
44	3.57
44	3.58
44	3.619
44	3.641
44	3.648
44	3.623
44	3.592
44	3.567
44	3.579
44	3.567
44	3.538
44	3.513
44	3.489
44	3.445
44	3.389
44	3.341
44	3.282
44	3.186
44	3.119
44	3.08
44	3.056
44	3.047
44	3.058
44	3.077
44	3.116
44	3.119
44	3.145
44	3.242
44	3.38
44	3.529
44	3.671
44	3.734
44	3.793
44	3.833
44	3.845
44	3.842
44	3.831
44	3.809
44	3.808
44	3.801
44	3.788
44	3.776
44	3.756
44	3.737
44	3.681
44	3.63
44	3.595
44	3.556
44	3.537
44	3.512
44	3.509
44	3.545
44	3.582
44	3.624
44	3.689
44	3.749
44	3.821
44	3.821
44	3.815
44	3.797
44	3.781
44	3.755
44	3.702
44	3.663
44	3.612
44	3.562
44	3.524
44	3.456
44	3.379
44	3.263
44	3.147
44	3.066
44	2.982
44	2.914
44	2.927
44	3.029
44	3.192
44	3.323
44	3.459
44	3.521
44	3.526
44	3.518
44	3.518
44	3.518
44	3.547
44	3.576
44	3.559
44	3.541
44	3.535
44	3.543
44	3.609
44	3.72
44	3.773
44	3.779
44	3.771
44	3.74
44	3.726
44	3.696
44	3.666
44	3.665
44	3.669
45	2.784
45	2.773
45	2.745
45	2.754
45	2.777
45	2.818
45	2.844
45	2.854
45	2.85
45	2.869
45	2.899
45	2.902
45	2.921
45	2.966
45	2.982
45	2.958
45	2.899
45	2.847
45	2.809
45	2.78
45	2.808
45	2.815
45	2.793
45	2.783
45	2.771
45	2.781
45	2.784
45	2.805
45	2.779
45	2.755
45	2.715
45	2.699
45	2.706
45	2.713
45	2.707
45	2.764
45	2.868
45	2.917
45	2.921
45	2.917
45	2.931
45	3
45	3.039
45	3.046
45	3.109
45	3.14
45	3.141
45	3.179
45	3.193
45	3.205
45	3.229
45	3.237
45	3.231
45	3.239
45	3.245
45	3.274
45	3.433
45	3.582
45	3.631
45	3.625
45	3.638
45	3.72
45	3.821
45	3.892
45	3.962
45	4.046
45	4.066
45	4.062
45	3.985
45	3.922
45	3.881
45	3.842
45	3.804
45	3.748
45	3.711
45	3.76
45	3.811
45	3.829
45	3.842
45	3.812
45	3.747
45	3.704
45	3.703
45	3.738
45	3.742
45	3.711
45	3.645
45	3.583
45	3.541
45	3.57
45	3.569
45	3.551
45	3.53
45	3.53
45	3.492
45	3.452
45	3.415
45	3.413
45	3.389
45	3.389
45	3.422
45	3.513
45	3.533
45	3.567
45	3.617
45	3.64
45	3.695
45	3.739
45	3.816
45	3.848
45	3.862
45	3.9
45	3.953
45	3.996
45	4.044
45	4.027
45	4.004
45	3.951
45	3.889
45	3.848
45	3.798
45	3.742
45	3.689
45	3.62
45	3.564
45	3.506
45	3.475
45	3.523
45	3.567
45	3.647
45	3.654
45	3.722
45	3.807
45	3.834
45	3.867
45	3.911
45	3.948
45	4.038
45	3.997
45	3.985
45	4
45	3.969
45	3.882
45	3.787
45	3.771
45	3.75
45	3.748
45	3.729
45	3.688
45	3.637
45	3.577
45	3.563
45	3.592
45	3.611
45	3.605
45	3.583
45	3.615
45	3.753
45	3.814
45	3.859
45	3.89
45	3.86
45	3.834
45	3.8
45	3.784
45	3.763
45	3.724
45	3.676
45	3.615
45	3.592
45	3.583
45	3.614
45	3.627
45	3.646
45	3.633
45	3.632
45	3.626
45	3.639
45	3.614
45	3.614
45	3.737
45	3.804
